
[  430.754367] , ext4, 1572369998115786, 4808704
[  430.754372] , ext4, 1572369998823407, 4808712
[  430.754376] , ext4, 1572369999003100, 46551040
[  430.754379] , ext4, 1572369999003234, 38010880
[  430.754383] , ext4, 1572369999010185, 38010888
[  430.754387] , ext4, 1572369999010216, 38010896
[  430.754390] , ext4, 1572369999010217, 38010912
[  430.754394] , ext4, 1572369999010217, 38010920
[  430.754396] , ext4, 1572369999010217, 38010904
[  430.754398] , ext4, 1572369999010218, 38010928
[  430.754402] , ext4, 1572369999010218, 38010936
[  430.754404] , ext4, 1572369999010218, 38010944
[  430.754405] , ext4, 1572369999010218, 38010952
[  430.754408] , ext4, 1572369999010218, 38010960
[  430.754410] , ext4, 1572369999010219, 38010976
[  430.754412] , ext4, 1572369999010219, 38010984
[  430.754414] , ext4, 1572369999010219, 38010992
[  430.754416] , ext4, 1572369999010219, 38010968
[  430.754419] , ext4, 1572369999010220, 38011000
[  430.754421] , ext4, 1572369999010220, 38011008
[  430.754423] , ext4, 1572369999010220, 38011016
[  430.754444] , ext4, 1572369999010221, 38011024
[  430.754445] , ext4, 1572369999010221, 38011032
[  430.754447] , ext4, 1572369999010221, 38011040
[  430.754448] , ext4, 1572369999010221, 38011048
[  430.754450] , ext4, 1572369999010221, 38011056
[  430.754452] , ext4, 1572369999010222, 38011064
[  430.754472] , ext4, 1572369999010222, 38011072
[  430.754474] , ext4, 1572369999010222, 38011080
[  430.754476] , ext4, 1572369999010222, 38011088
[  430.754478] , ext4, 1572369999010222, 38011096
[  430.754478] , ext4, 1572369999010223, 38011104
[  430.754480] , ext4, 1572369999010223, 38011112
[  430.754505] , ext4, 1572369999010223, 38011120
[  430.754507] , ext4, 1572369999010223, 38011128
[  430.754509] , ext4, 1572369999010223, 38011136
[  430.754511] , ext4, 1572369999010224, 38011144
[  430.754512] , ext4, 1572369999010224, 38011152
[  430.754514] , ext4, 1572369999010224, 38011160
[  430.754515] , ext4, 1572369999010224, 38011168
[  430.754517] , ext4, 1572369999010224, 38011176
[  430.754518] , ext4, 1572369999010225, 38011184
[  430.754520] , ext4, 1572369999010225, 38011192
[  430.754521] , ext4, 1572369999010225, 38011200
[  430.754523] , ext4, 1572369999010226, 38011208
[  430.754525] , ext4, 1572369999011849, 38011216
[  430.754526] , ext4, 1572369999345832, 4808720
[  430.754528] , ext4, 1572369999494156, 4808720
[  430.754530] , ext4, 1572369999494374, 38011224
[  430.754532] , ext4, 1572369999494391, 38011232
[  430.754533] , ext4, 1572369999494392, 38011240
[  430.754535] , ext4, 1572369999494393, 38011248
[  430.754536] , ext4, 1572369999494393, 38011256
[  430.754538] , ext4, 1572369999494393, 38011264
[  430.754540] , ext4, 1572369999494393, 38011272
[  430.754541] , ext4, 1572369999494393, 38011280
[  430.754542] , ext4, 1572369999494394, 38011288
[  430.754543] , ext4, 1572369999494394, 38011296
[  430.754545] , ext4, 1572369999494394, 38011304
[  430.754547] , ext4, 1572369999494395, 38011312
[  430.754548] , ext4, 1572369999494395, 38011320
[  430.754550] , ext4, 1572369999494395, 38011328
[  430.754551] , ext4, 1572369999494395, 38011336
[  430.754552] , ext4, 1572369999494396, 38011344
[  430.754554] , ext4, 1572369999494396, 38011352
[  430.754556] , ext4, 1572369999494396, 38011360
[  430.754557] , ext4, 1572369999494396, 38011368
[  430.754559] , ext4, 1572369999494396, 38011376
[  430.754561] , ext4, 1572369999494397, 38011384
[  430.754562] , ext4, 1572369999494397, 38011392
[  430.754563] , ext4, 1572369999494397, 38011400
[  430.754565] , ext4, 1572369999494397, 38011408
[  430.754566] , ext4, 1572369999494398, 38011416
[  430.754568] , ext4, 1572369999494398, 38011424
[  430.754569] , ext4, 1572369999494398, 38011432
[  430.754571] , ext4, 1572369999494398, 38011440
[  430.754572] , ext4, 1572369999494615, 38011448
[  430.754573] , ext4, 1572369999645151, 4808728
[  430.754574] , ext4, 1572369999645357, 38011456
[  430.754576] , ext4, 1572369999645359, 38011464
[  430.754577] , ext4, 1572369999645361, 38011472
[  430.754579] , ext4, 1572369999645361, 38011480
[  430.754581] , ext4, 1572369999645362, 38011488
[  430.754582] , ext4, 1572369999645362, 38011496
[  430.754584] , ext4, 1572369999645362, 38011504
[  430.754585] , ext4, 1572369999645363, 38011512
[  430.754586] , ext4, 1572369999645363, 38011520
[  430.754588] , ext4, 1572369999645363, 38011528
[  430.754589] , ext4, 1572369999645364, 38011536
[  430.754590] , ext4, 1572369999645364, 38011544
[  430.754592] , ext4, 1572369999645721, 38011552
[  430.754593] , ext4, 1572369999651428, 4808736
[  430.754594] , ext4, 1572369999746819, 4808736
[  430.754596] , ext4, 1572369999747067, 38011560
[  430.754597] , ext4, 1572369999747069, 38011568
[  430.754599] , ext4, 1572369999747071, 38011576
[  430.754600] , ext4, 1572369999747071, 38011584
[  430.754601] , ext4, 1572369999747071, 38011592
[  430.754603] , ext4, 1572369999747071, 38011600
[  430.754604] , ext4, 1572369999747071, 38011608
[  430.754606] , ext4, 1572369999747072, 38011616
[  430.754607] , ext4, 1572369999747366, 38011624
[  430.754608] , ext4, 1572370004610674, 4808744
[  430.754610] , ext4, 1572370004710203, 4808744
[  430.754612] , ext4, 1572370004710385, 38011632
[  430.754613] , ext4, 1572370004710388, 38011640
[  430.754614] , ext4, 1572370004710388, 38011648
[  430.754616] , ext4, 1572370004710389, 38011656
[  430.754617] , ext4, 1572370004710389, 38011664
[  430.754618] , ext4, 1572370004710389, 38011672
[  430.754620] , ext4, 1572370004710389, 38011680
[  430.754621] , ext4, 1572370004710390, 38011688
[  430.754622] , ext4, 1572370004710390, 38011696
[  430.754623] , ext4, 1572370004710390, 38011704
[  430.754624] , ext4, 1572370004710391, 38011712
[  430.754626] , ext4, 1572370004710391, 38011720
[  430.754627] , ext4, 1572370004710391, 38011728
[  430.754628] , ext4, 1572370004710392, 38011736
[  430.754629] , ext4, 1572370004710392, 38011744
[  430.754630] , ext4, 1572370004710392, 38011752
[  430.754631] , ext4, 1572370004710571, 38011760
[  430.754633] , ext4, 1572370007347102, 46551048
[  430.754634] , ext4, 1572370007351836, 46551056
[  430.754635] , ext4, 1572370007352966, 46551064
[  430.754636] , ext4, 1572370007530372, 782080
[  430.754638] , ext4, 1572370007530679, 38011768
[  430.754640] , ext4, 1572370007530682, 38011776
[  430.754641] , ext4, 1572370007530683, 38011784
[  430.754642] , ext4, 1572370007530683, 38011792
[  430.754643] , ext4, 1572370007530683, 38011800
[  430.754644] , ext4, 1572370007530683, 38011808
[  430.754645] , ext4, 1572370007530683, 38011816
[  430.754646] , ext4, 1572370007530684, 38011824
[  430.754648] , ext4, 1572370007530684, 38011832
[  430.754649] , ext4, 1572370007530684, 38011840
[  430.754651] , ext4, 1572370007530684, 38011848
[  430.754652] , ext4, 1572370007530685, 38011856
[  430.754652] , ext4, 1572370007530685, 38011864
[  430.754654] , ext4, 1572370007530685, 38011872
[  430.754655] , ext4, 1572370007530686, 38011880
[  430.754656] , ext4, 1572370007530686, 38011888
[  430.754658] , ext4, 1572370007530686, 38011896
[  430.754659] , ext4, 1572370007530687, 38011904
[  430.754661] , ext4, 1572370007530687, 38011912
[  430.754662] , ext4, 1572370007530687, 38011920
[  430.754663] , ext4, 1572370007530687, 38011928
[  430.754664] , ext4, 1572370007530688, 38011936
[  430.754667] , ext4, 1572370007530688, 38011944
[  430.754668] , ext4, 1572370007530688, 38011952
[  430.754669] , ext4, 1572370007530688, 38011960
[  430.754670] , ext4, 1572370007530689, 38011968
[  430.754671] , ext4, 1572370007530689, 38011976
[  430.754672] , ext4, 1572370007530689, 38011984
[  430.754673] , ext4, 1572370007530689, 38011992
[  430.754674] , ext4, 1572370007530689, 38012000
[  430.754675] , ext4, 1572370007530690, 38012008
[  430.754676] , ext4, 1572370007530690, 38012016
[  430.754677] , ext4, 1572370007530690, 38012024
[  430.754678] , ext4, 1572370007530690, 38012032
[  430.754679] , ext4, 1572370007530691, 38012040
[  430.754680] , ext4, 1572370007530691, 38012048
[  430.754681] , ext4, 1572370007530692, 38012056
[  430.754682] , ext4, 1572370007530692, 38012064
[  430.754683] , ext4, 1572370007530692, 38012072
[  430.754684] , ext4, 1572370007530692, 38012080
[  430.754685] , ext4, 1572370007530692, 38012088
[  430.754687] , ext4, 1572370007572765, 38012096
[  430.754688] , ext4, 1572370007574415, 75856296
[  430.754689] , ext4, 1572370008143084, 4862136
[  430.754690] , ext4, 1572370008143351, 38012104
[  430.754691] , ext4, 1572370008143354, 38012112
[  430.754692] , ext4, 1572370008143355, 38012120
[  430.754693] , ext4, 1572370008143356, 38012128
[  430.754694] , ext4, 1572370008143356, 38012136
[  430.754695] , ext4, 1572370008143356, 38012144
[  430.754696] , ext4, 1572370008143357, 38012152
[  430.754697] , ext4, 1572370008143357, 38012160
[  430.754698] , ext4, 1572370008143357, 38012168
[  430.754699] , ext4, 1572370008143358, 38012176
[  430.754700] , ext4, 1572370008143358, 38012184
[  430.754701] , ext4, 1572370008143359, 38012192
[  430.754702] , ext4, 1572370008143359, 38012200
[  430.754703] , ext4, 1572370008143359, 38012208
[  430.754704] , ext4, 1572370008143359, 38012216
[  430.754706] , ext4, 1572370008143359, 38012224
[  430.754707] , ext4, 1572370008143360, 38012232
[  430.754709] , ext4, 1572370008143360, 38012240
[  430.754710] , ext4, 1572370008143360, 38012248
[  430.754711] , ext4, 1572370008143360, 38012256
[  430.754712] , ext4, 1572370008143361, 38012264
[  430.754713] , ext4, 1572370008143361, 38012272
[  430.754715] , ext4, 1572370008143361, 38012280
[  430.754716] , ext4, 1572370008143361, 38012288
[  430.754717] , ext4, 1572370008143361, 38012296
[  430.754718] , ext4, 1572370008143362, 38012304
[  430.754720] , ext4, 1572370008143362, 38012312
[  430.754721] , ext4, 1572370008143362, 38012320
[  430.754722] , ext4, 1572370008143362, 38012328
[  430.754723] , ext4, 1572370008143363, 38012336
[  430.754725] , ext4, 1572370008143363, 38012344
[  430.754726] , ext4, 1572370008143364, 38012352
[  430.754727] , ext4, 1572370008143364, 38012360
[  430.754728] , ext4, 1572370008143365, 38012368
[  430.754729] , ext4, 1572370008143365, 38012376
[  430.754730] , ext4, 1572370008143365, 38012384
[  430.754731] , ext4, 1572370008143366, 38012392
[  430.754732] , ext4, 1572370008143366, 38012400
[  430.754734] , ext4, 1572370008143366, 38012408
[  430.754736] , ext4, 1572370008143367, 38012416
[  430.754737] , ext4, 1572370008143701, 38012424
[  430.754738] , ext4, 1572370010501336, 4514048
[  430.754739] , ext4, 1572370010666154, 4514048
[  430.754741] , ext4, 1572370010686813, 38012432
[  430.754742] , ext4, 1572370010686816, 38012440
[  430.754743] , ext4, 1572370010686817, 38012448
[  430.754744] , ext4, 1572370010686818, 38012456
[  430.754745] , ext4, 1572370010686819, 38012464
[  430.754746] , ext4, 1572370010686819, 38012472
[  430.754747] , ext4, 1572370010686819, 38012480
[  430.754749] , ext4, 1572370010686820, 38012488
[  430.754750] , ext4, 1572370010686820, 38012496
[  430.754752] , ext4, 1572370010686820, 38012504
[  430.754753] , ext4, 1572370010686820, 38012512
[  430.754754] , ext4, 1572370010686821, 38012520
[  430.754755] , ext4, 1572370010686821, 38012528
[  430.754756] , ext4, 1572370010686822, 38012536
[  430.754758] , ext4, 1572370010686822, 38012544
[  430.754759] , ext4, 1572370010686822, 38012552
[  430.754760] , ext4, 1572370010686823, 38012560
[  430.754761] , ext4, 1572370010686823, 38012568
[  430.754762] , ext4, 1572370010686823, 38012576
[  430.754763] , ext4, 1572370010686823, 38012584
[  430.754764] , ext4, 1572370010686824, 38012592
[  430.754770] , ext4, 1572370010686824, 38012600
[  430.754772] , ext4, 1572370010686824, 38012608
[  430.754780] , ext4, 1572370010686825, 38012616
[  430.754783] , ext4, 1572370010686825, 38012624
[  430.754784] , ext4, 1572370010686826, 38012632
[  430.754785] , ext4, 1572370010686827, 38012640
[  430.754786] , ext4, 1572370010686827, 38012648
[  430.754787] , ext4, 1572370010686828, 38012656
[  430.754788] , ext4, 1572370010686828, 38012664
[  430.754789] , ext4, 1572370010686828, 38012672
[  430.754792] , ext4, 1572370010686829, 38012680
[  430.754792] , ext4, 1572370010686830, 38012688
[  430.754794] , ext4, 1572370010686830, 38012696
[  430.754795] , ext4, 1572370010686831, 38012704
[  430.754796] , ext4, 1572370010686831, 38012712
[  430.754797] , ext4, 1572370010686831, 38012720
[  430.754799] , ext4, 1572370010686832, 38012728
[  430.754800] , ext4, 1572370010686832, 38012736
[  430.754801] , ext4, 1572370010686832, 38012744
[  430.754803] , ext4, 1572370010686833, 38012752
[  430.754805] , ext4, 1572370010686833, 38012760
[  430.754807] , ext4, 1572370010686833, 38012768
[  430.754808] , ext4, 1572370010686834, 38012776
[  430.754810] , ext4, 1572370010686834, 38012784
[  430.754811] , ext4, 1572370010686834, 38012792
[  430.754812] , ext4, 1572370010686835, 38012800
[  430.754813] , ext4, 1572370010686835, 38012808
[  430.754815] , ext4, 1572370010686836, 38012816
[  430.754816] , ext4, 1572370010686836, 38012824
[  430.754817] , ext4, 1572370010686836, 38012832
[  430.754819] , ext4, 1572370010686837, 38012840
[  430.754820] , ext4, 1572370010686837, 38012848
[  430.754821] , ext4, 1572370010686838, 38012856
[  430.754822] , ext4, 1572370010686838, 38012864
[  430.754823] , ext4, 1572370010686838, 38012872
[  430.754824] , ext4, 1572370010686839, 38012880
[  430.754825] , ext4, 1572370010686840, 38012888
[  430.754826] , ext4, 1572370010686840, 38012896
[  430.754827] , ext4, 1572370010686841, 38012904
[  430.754828] , ext4, 1572370010686842, 38012912
[  430.754888] , ext4, 1572370010686842, 38012920
[  430.754891] , ext4, 1572370010686842, 38012928
[  430.754892] , ext4, 1572370010752398, 38012936
[  430.754893] , ext4, 1572370010755380, 4512528
[  430.754894] , ext4, 1572370012166122, 4512528
[  430.754895] , ext4, 1572370012167015, 38012944
[  430.754896] , ext4, 1572370012167018, 38012952
[  430.754897] , ext4, 1572370012167019, 38012960
[  430.754898] , ext4, 1572370012167019, 38012968
[  430.754899] , ext4, 1572370012167056, 38012976
[  430.754901] , ext4, 1572370012167057, 38012984
[  430.754902] , ext4, 1572370012167058, 38012992
[  430.754903] , ext4, 1572370012167058, 38013000
[  430.754904] , ext4, 1572370012167058, 38013008
[  430.754905] , ext4, 1572370012167058, 38013016
[  430.754906] , ext4, 1572370012167058, 38013024
[  430.754907] , ext4, 1572370012167059, 38013032
[  430.754909] , ext4, 1572370012167059, 38013040
[  430.754910] , ext4, 1572370012167059, 38013048
[  430.754911] , ext4, 1572370012167060, 38013056
[  430.754912] , ext4, 1572370012167060, 38013064
[  430.754913] , ext4, 1572370012167060, 38013072
[  430.754914] , ext4, 1572370012167060, 38013080
[  430.754915] , ext4, 1572370012167060, 38013088
[  430.754917] , ext4, 1572370012167061, 38013096
[  430.754918] , ext4, 1572370012167061, 38013104
[  430.754919] , ext4, 1572370012167061, 38013112
[  430.754920] , ext4, 1572370012167061, 38013120
[  430.754921] , ext4, 1572370012167061, 38013128
[  430.754922] , ext4, 1572370012167290, 38013136
[  430.754923] , ext4, 1572370012170734, 4512568
[  430.754923] , ext4, 1572370012463635, 4512568
[  430.754925] , ext4, 1572370012464202, 38013144
[  430.754926] , ext4, 1572370012464212, 38013152
[  430.754927] , ext4, 1572370012464215, 38013160
[  430.754928] , ext4, 1572370012464216, 38013168
[  430.754928] , ext4, 1572370012464216, 38013176
[  430.754929] , ext4, 1572370012464216, 38013184
[  430.754930] , ext4, 1572370012464216, 38013192
[  430.754931] , ext4, 1572370012464217, 38013200
[  430.754932] , ext4, 1572370012464217, 38013208
[  430.754933] , ext4, 1572370012464217, 38013216
[  430.754934] , ext4, 1572370012464218, 38013224
[  430.754936] , ext4, 1572370012464219, 38013232
[  430.754937] , ext4, 1572370012464219, 38013240
[  430.754938] , ext4, 1572370012464220, 38013248
[  430.754939] , ext4, 1572370012464617, 38013256
[  430.754940] , ext4, 1572370012468167, 4808752
[  430.754941] , ext4, 1572370012527106, 4808752
[  430.754941] , ext4, 1572370012527514, 38013264
[  430.754942] , ext4, 1572370012527519, 38013272
[  430.754943] , ext4, 1572370012527521, 38013280
[  430.754969] , ext4, 1572370012527521, 38013288
[  430.755015] , ext4, 1572370012527522, 38013296
[  430.755016] , ext4, 1572370012527522, 38013304
[  430.755017] , ext4, 1572370012527522, 38013312
[  430.755018] , ext4, 1572370012527523, 38013320
[  430.755019] , ext4, 1572370012527523, 38013328
[  430.755020] , ext4, 1572370012527524, 38013336
[  430.755021] , ext4, 1572370012527752, 38013344
[  430.755022] , ext4, 1572370012549899, 4808792
[  430.755023] , ext4, 1572370012658420, 4808792
[  430.755024] , ext4, 1572370012673728, 38013352
[  430.755025] , ext4, 1572370012673761, 38013360
[  430.755026] , ext4, 1572370012673763, 38013368
[  430.755027] , ext4, 1572370012673764, 38013376
[  430.755028] , ext4, 1572370012673764, 38013384
[  430.755029] , ext4, 1572370012673765, 38013392
[  430.755030] , ext4, 1572370012673765, 38013400
[  430.755031] , ext4, 1572370012673765, 38013408
[  430.755031] , ext4, 1572370012673766, 38013416
[  430.755032] , ext4, 1572370012673766, 38013424
[  430.755033] , ext4, 1572370012673767, 38013432
[  430.755034] , ext4, 1572370012673767, 38013440
[  430.755035] , ext4, 1572370012673768, 38013448
[  430.755036] , ext4, 1572370012673769, 38013456
[  430.755037] , ext4, 1572370012673769, 38013464
[  430.755038] , ext4, 1572370012673769, 38013472
[  430.755039] , ext4, 1572370012673770, 38013480
[  430.755040] , ext4, 1572370012673770, 38013488
[  430.755041] , ext4, 1572370012673771, 38013496
[  430.755042] , ext4, 1572370012673771, 38013504
[  430.755043] , ext4, 1572370012673772, 38013512
[  430.755044] , ext4, 1572370012673772, 38013520
[  430.755045] , ext4, 1572370012673773, 38013528
[  430.755046] , ext4, 1572370012673773, 38013536
[  430.755047] , ext4, 1572370012673773, 38013544
[  430.755048] , ext4, 1572370012673774, 38013552
[  430.755049] , ext4, 1572370012673774, 38013560
[  430.755049] , ext4, 1572370012673774, 38013568
[  430.755051] , ext4, 1572370012673775, 38013576
[  430.755052] , ext4, 1572370012673775, 38013584
[  430.755053] , ext4, 1572370012674134, 38013592
[  430.755053] , ext4, 1572370012702794, 4456856
[  430.755054] , ext4, 1572370012787719, 4808832
[  430.755055] , ext4, 1572370012922232, 4456856
[  430.755056] , ext4, 1572370012922372, 4808832
[  430.755057] , ext4, 1572370012922669, 38013600
[  430.755058] , ext4, 1572370012922672, 38013608
[  430.755059] , ext4, 1572370012922673, 38013616
[  430.755060] , ext4, 1572370012922673, 38013624
[  430.755061] , ext4, 1572370012922673, 38013632
[  430.755062] , ext4, 1572370012922674, 38013640
[  430.755063] , ext4, 1572370012922675, 38013648
[  430.755066] , ext4, 1572370012922675, 38013656
[  430.755067] , ext4, 1572370012922675, 38013664
[  430.755068] , ext4, 1572370012922675, 38013672
[  430.755069] , ext4, 1572370012922676, 38013680
[  430.755070] , ext4, 1572370012922676, 38013688
[  430.755071] , ext4, 1572370012922676, 38013696
[  430.755072] , ext4, 1572370012922676, 38013704
[  430.755073] , ext4, 1572370012922677, 38013712
[  430.755074] , ext4, 1572370012922677, 38013720
[  430.755074] , ext4, 1572370012922677, 38013728
[  430.755075] , ext4, 1572370012922677, 38013736
[  430.755076] , ext4, 1572370012922678, 38013744
[  430.755077] , ext4, 1572370012922678, 38013752
[  430.755078] , ext4, 1572370012922678, 38013760
[  430.755079] , ext4, 1572370012924430, 38013768
[  430.755080] , ext4, 1572370012930154, 4808872
[  430.755081] , ext4, 1572370013033562, 4808872
[  430.755082] , ext4, 1572370013034258, 38013776
[  430.755083] , ext4, 1572370013034262, 38013784
[  430.755084] , ext4, 1572370013034327, 38013792
[  430.755085] , ext4, 1572370013034329, 38013800
[  430.755086] , ext4, 1572370013034330, 38013808
[  430.755087] , ext4, 1572370013034330, 38013816
[  430.755087] , ext4, 1572370013034330, 38013824
[  430.755088] , ext4, 1572370013034331, 38013832
[  430.755089] , ext4, 1572370013034331, 38013840
[  430.755090] , ext4, 1572370013034332, 38013848
[  430.755091] , ext4, 1572370013034332, 38013856
[  430.755092] , ext4, 1572370013034332, 38013864
[  430.755093] , ext4, 1572370013034333, 38013872
[  430.755094] , ext4, 1572370013034333, 38013880
[  430.755095] , ext4, 1572370013034333, 38013888
[  430.755097] , ext4, 1572370013034334, 38013896
[  430.755098] , ext4, 1572370013034783, 38013904
[  430.755099] , ext4, 1572370013074795, 38013912
[  430.755100] , ext4, 1572370013074817, 38013920
[  430.755101] , ext4, 1572370013074818, 38013928
[  430.755102] , ext4, 1572370013074818, 38013936
[  430.755103] , ext4, 1572370013074819, 38013944
[  430.755104] , ext4, 1572370013074819, 38013952
[  430.755104] , ext4, 1572370013074819, 38013960
[  430.755106] , ext4, 1572370013074819, 38013968
[  430.755107] , ext4, 1572370013074819, 38013976
[  430.755108] , ext4, 1572370013074820, 38013984
[  430.755109] , ext4, 1572370013074820, 38013992
[  430.755110] , ext4, 1572370013074820, 38014000
[  430.755111] , ext4, 1572370013074820, 38014008
[  430.755112] , ext4, 1572370013074820, 38014016
[  430.755113] , ext4, 1572370013074821, 38014024
[  430.755114] , ext4, 1572370013074822, 38014032
[  430.755115] , ext4, 1572370013074822, 38014040
[  430.755116] , ext4, 1572370013074822, 38014048
[  430.755117] , ext4, 1572370013074822, 38014056
[  430.755118] , ext4, 1572370013074823, 38014064
[  430.755119] , ext4, 1572370013074823, 38014072
[  430.755120] , ext4, 1572370013074823, 38014080
[  430.755121] , ext4, 1572370013074823, 38014088
[  430.755123] , ext4, 1572370013074823, 38014096
[  430.755123] , ext4, 1572370013074824, 38014104
[  430.755124] , ext4, 1572370013074824, 38014112
[  430.755125] , ext4, 1572370013074824, 38014120
[  430.755126] , ext4, 1572370013074824, 38014128
[  430.755127] , ext4, 1572370013082413, 38014136
[  430.755128] , ext4, 1572370013506684, 4825088
[  430.755129] , ext4, 1572370013507005, 38014144
[  430.755130] , ext4, 1572370013507053, 38014152
[  430.755131] , ext4, 1572370013507055, 38014160
[  430.755132] , ext4, 1572370013507055, 38014168
[  430.755133] , ext4, 1572370013507056, 38014176
[  430.755134] , ext4, 1572370013507056, 38014184
[  430.755135] , ext4, 1572370013507057, 38014192
[  430.755135] , ext4, 1572370013507057, 38014200
[  430.755136] , ext4, 1572370013507057, 38014208
[  430.755137] , ext4, 1572370013507059, 38014216
[  430.755138] , ext4, 1572370013507059, 38014224
[  430.755139] , ext4, 1572370013507059, 38014232
[  430.755140] , ext4, 1572370013507059, 38014240
[  430.755141] , ext4, 1572370013507060, 38014248
[  430.755142] , ext4, 1572370013507060, 38014256
[  430.755143] , ext4, 1572370013507060, 38014264
[  430.755144] , ext4, 1572370013507061, 38014272
[  430.755145] , ext4, 1572370013507061, 38014280
[  430.755146] , ext4, 1572370013507061, 38014288
[  430.755147] , ext4, 1572370013507062, 38014296
[  430.755148] , ext4, 1572370013507062, 38014304
[  430.755149] , ext4, 1572370013507062, 38014312
[  430.755149] , ext4, 1572370013507063, 38014320
[  430.755150] , ext4, 1572370013507063, 38014328
[  430.755151] , ext4, 1572370013507063, 38014336
[  430.755152] , ext4, 1572370013507064, 38014344
[  430.755153] , ext4, 1572370013507064, 38014352
[  430.755154] , ext4, 1572370013507065, 38014360
[  430.755155] , ext4, 1572370013507065, 38014368
[  430.755156] , ext4, 1572370013507065, 38014376
[  430.755157] , ext4, 1572370013507065, 38014384
[  430.755158] , ext4, 1572370013507066, 38014392
[  430.755159] , ext4, 1572370013507066, 38014400
[  430.755160] , ext4, 1572370013507066, 38014408
[  430.755160] , ext4, 1572370013507067, 38014416
[  430.755161] , ext4, 1572370013507067, 38014424
[  430.755162] , ext4, 1572370013507067, 38014432
[  430.755163] , ext4, 1572370013507068, 38014440
[  430.755164] , ext4, 1572370013507068, 38014448
[  430.755165] , ext4, 1572370013507509, 38014456
[  430.755166] , ext4, 1572370013509222, 38014464
[  430.755167] , ext4, 1572370013509228, 38014472
[  430.755168] , ext4, 1572370013509230, 38014480
[  430.755169] , ext4, 1572370013509230, 38014488
[  430.755170] , ext4, 1572370013509231, 38014496
[  430.755171] , ext4, 1572370013509231, 38014504
[  430.755172] , ext4, 1572370013509231, 38014512
[  430.755173] , ext4, 1572370013509232, 38014520
[  430.755174] , ext4, 1572370013509446, 38014528
[  430.755174] , ext4, 1572370013511611, 4825096
[  430.755175] , ext4, 1572370013512146, 38014536
[  430.755176] , ext4, 1572370013512154, 38014544
[  430.755177] , ext4, 1572370013512157, 38014552
[  430.755178] , ext4, 1572370013512157, 38014560
[  430.755179] , ext4, 1572370013512503, 38014568
[  430.755180] , ext4, 1572370013516480, 4825104
[  430.755181] , ext4, 1572370013517082, 38014576
[  430.755182] , ext4, 1572370013517096, 38014584
[  430.755183] , ext4, 1572370013517098, 38014592
[  430.755184] , ext4, 1572370013517099, 38014600
[  430.755184] , ext4, 1572370013517100, 38014608
[  430.755185] , ext4, 1572370013517101, 38014616
[  430.755186] , ext4, 1572370013517102, 38014624
[  430.755187] , ext4, 1572370013517103, 38014632
[  430.755188] , ext4, 1572370013517534, 38014640
[  430.755189] , ext4, 1572370013519677, 38014648
[  430.755190] , ext4, 1572370013519685, 38014656
[  430.755191] , ext4, 1572370013519686, 38014664
[  430.755218] , ext4, 1572370013519686, 38014672
[  430.755219] , ext4, 1572370013519687, 38014688
[  430.755220] , ext4, 1572370013519687, 38014680
[  430.755221] , ext4, 1572370013519688, 38014696
[  430.755222] , ext4, 1572370013519688, 38014704
[  430.755223] , ext4, 1572370013520408, 38014712
[  430.755225] , ext4, 1572370013522033, 4825112
[  430.755226] , ext4, 1572370013522383, 38014720
[  430.755227] , ext4, 1572370013522387, 38014728
[  430.755228] , ext4, 1572370013522389, 38014736
[  430.755229] , ext4, 1572370013522389, 38014744
[  430.755230] , ext4, 1572370013522814, 38014752
[  430.755231] , ext4, 1572370013661424, 4808912
[  430.755232] , ext4, 1572370013670455, 4808912
[  430.755233] , ext4, 1572370013670741, 38014760
[  430.755234] , ext4, 1572370013670744, 38014768
[  430.755235] , ext4, 1572370013670745, 38014776
[  430.755236] , ext4, 1572370013670745, 38014784
[  430.755237] , ext4, 1572370013670745, 38014792
[  430.755238] , ext4, 1572370013670745, 38014800
[  430.755240] , ext4, 1572370013670746, 38014808
[  430.755241] , ext4, 1572370013670746, 38014816
[  430.755242] , ext4, 1572370013670746, 38014824
[  430.755243] , ext4, 1572370013670746, 38014832
[  430.755244] , ext4, 1572370013670746, 38014840
[  430.755244] , ext4, 1572370013670884, 38014848
[  430.755245] , ext4, 1572370013678537, 4808952
[  430.755246] , ext4, 1572370013766209, 4808952
[  430.755247] , ext4, 1572370013766525, 38014856
[  430.755248] , ext4, 1572370013766529, 38014864
[  430.755249] , ext4, 1572370013766530, 38014872
[  430.755250] , ext4, 1572370013766530, 38014880
[  430.755251] , ext4, 1572370013766530, 38014888
[  430.755252] , ext4, 1572370013766530, 38014896
[  430.755253] , ext4, 1572370013766531, 38014904
[  430.755254] , ext4, 1572370013766531, 38014912
[  430.755255] , ext4, 1572370013766531, 38014920
[  430.755256] , ext4, 1572370013766532, 38014928
[  430.755257] , ext4, 1572370013766700, 38014936
[  430.755258] , ext4, 1572370013768758, 4808992
[  430.755260] , ext4, 1572370013842291, 4808992
[  430.755260] , ext4, 1572370013842661, 38014944
[  430.755261] , ext4, 1572370013842665, 38014952
[  430.755262] , ext4, 1572370013842667, 38014960
[  430.755263] , ext4, 1572370013842667, 38014968
[  430.755264] , ext4, 1572370013842667, 38014976
[  430.755266] , ext4, 1572370013842667, 38014984
[  430.755267] , ext4, 1572370013842667, 38014992
[  430.755268] , ext4, 1572370013842668, 38015000
[  430.755269] , ext4, 1572370013842668, 38015008
[  430.755270] , ext4, 1572370013842668, 38015016
[  430.755271] , ext4, 1572370013843022, 38015024
[  430.755272] , ext4, 1572370014070363, 4825128
[  430.755273] , ext4, 1572370014102122, 4825128
[  430.755275] , ext4, 1572370014102368, 38015032
[  430.755276] , ext4, 1572370014102372, 38015040
[  430.755277] , ext4, 1572370014102373, 38015048
[  430.755278] , ext4, 1572370014102374, 38015056
[  430.755279] , ext4, 1572370014102374, 38015064
[  430.755279] , ext4, 1572370014102375, 38015072
[  430.755280] , ext4, 1572370014102375, 38015080
[  430.755282] , ext4, 1572370014102375, 38015088
[  430.755283] , ext4, 1572370014102375, 38015096
[  430.755284] , ext4, 1572370014102376, 38015104
[  430.755285] , ext4, 1572370014102376, 38015112
[  430.755286] , ext4, 1572370014102376, 38015120
[  430.755287] , ext4, 1572370014102376, 38015128
[  430.755288] , ext4, 1572370014102377, 38015136
[  430.755289] , ext4, 1572370014102377, 38015144
[  430.755291] , ext4, 1572370014102377, 38015152
[  430.755291] , ext4, 1572370014102590, 38015160
[  430.755292] , ext4, 1572370014240529, 4809032
[  430.755293] , ext4, 1572370014286520, 4809032
[  430.755294] , ext4, 1572370014294330, 38015168
[  430.755295] , ext4, 1572370014294335, 38015176
[  430.755296] , ext4, 1572370014294336, 38015184
[  430.755298] , ext4, 1572370014294336, 38015192
[  430.755299] , ext4, 1572370014294337, 38015200
[  430.755300] , ext4, 1572370014294337, 38015208
[  430.755301] , ext4, 1572370014294337, 38015216
[  430.755302] , ext4, 1572370014294338, 38015224
[  430.755303] , ext4, 1572370014294338, 38015232
[  430.755303] , ext4, 1572370014294338, 38015240
[  430.755305] , ext4, 1572370014294338, 38015248
[  430.755306] , ext4, 1572370014294338, 38015256
[  430.755307] , ext4, 1572370014294339, 38015264
[  430.755308] , ext4, 1572370014294577, 38015272
[  430.755309] , ext4, 1572370017277065, 4825136
[  430.755310] , ext4, 1572370017277137, 4825144
[  430.755311] , ext4, 1572370018888221, 4874240
[  430.755312] , ext4, 1572370020293997, 38015280
[  430.755313] , ext4, 1572370020294364, 38015288
[  430.755314] , ext4, 1572370020294366, 38015296
[  430.755315] , ext4, 1572370020294367, 38015304
[  430.755316] , ext4, 1572370020294368, 38015312
[  430.755317] , ext4, 1572370020294368, 38015320
[  430.755318] , ext4, 1572370020294369, 38015328
[  430.755319] , ext4, 1572370020294369, 38015336
[  430.755320] , ext4, 1572370020294370, 38015344
[  430.755321] , ext4, 1572370020294370, 38015352
[  430.755322] , ext4, 1572370020294371, 38015360
[  430.755323] , ext4, 1572370020294371, 38015368
[  430.755324] , ext4, 1572370020294372, 38015376
[  430.755325] , ext4, 1572370020294372, 38015384
[  430.755326] , ext4, 1572370020294372, 38015392
[  430.755327] , ext4, 1572370020294373, 38015400
[  430.755328] , ext4, 1572370020294374, 38015408
[  430.755329] , ext4, 1572370020294374, 38015416
[  430.755331] , ext4, 1572370020294374, 38015424
[  430.755332] , ext4, 1572370020294375, 38015432
[  430.755333] , ext4, 1572370020294375, 38015440
[  430.755334] , ext4, 1572370020294375, 38015448
[  430.755335] , ext4, 1572370020295724, 38015456
[  430.755336] , ext4, 1572370029181369, 7090176
[  430.755337] , ext4, 1572370029181641, 38015464
[  430.755338] , ext4, 1572370029181644, 38015472
[  430.755339] , ext4, 1572370029181645, 38015480
[  430.755340] , ext4, 1572370029181646, 38015488
[  430.755341] , ext4, 1572370029181646, 38015496
[  430.755342] , ext4, 1572370029181646, 38015504
[  430.755343] , ext4, 1572370029181646, 38015512
[  430.755344] , ext4, 1572370029181647, 38015520
[  430.755346] , ext4, 1572370029181647, 38015528
[  430.755347] , ext4, 1572370029181647, 38015536
[  430.755348] , ext4, 1572370029181647, 38015544
[  430.755349] , ext4, 1572370029181647, 38015552
[  430.755350] , ext4, 1572370029181648, 38015560
[  430.755351] , ext4, 1572370029181648, 38015568
[  430.755353] , ext4, 1572370029181648, 38015576
[  430.755354] , ext4, 1572370029181648, 38015584
[  430.755355] , ext4, 1572370029181649, 38015592
[  430.755356] , ext4, 1572370029181649, 38015600
[  430.755357] , ext4, 1572370029181649, 38015608
[  430.755358] , ext4, 1572370029181649, 38015616
[  430.755358] , ext4, 1572370029181650, 38015624
[  430.755359] , ext4, 1572370029181650, 38015632
[  430.755360] , ext4, 1572370029181651, 38015640
[  430.755361] , ext4, 1572370029181985, 38015648
[  430.755362] , ext4, 1572370029557135, 38015656
[  430.755363] , ext4, 1572370029557166, 38015664
[  430.755364] , ext4, 1572370029557167, 38015672
[  430.755365] , ext4, 1572370029557167, 38015680
[  430.755366] , ext4, 1572370029557168, 38015688
[  430.755367] , ext4, 1572370029557168, 38015696
[  430.755368] , ext4, 1572370029557169, 38015704
[  430.755369] , ext4, 1572370029557169, 38015712
[  430.755370] , ext4, 1572370029557169, 38015720
[  430.755370] , ext4, 1572370029557169, 38015728
[  430.755371] , ext4, 1572370029557170, 38015736
[  430.755372] , ext4, 1572370029557170, 38015744
[  430.755373] , ext4, 1572370029557171, 38015752
[  430.755374] , ext4, 1572370029557171, 38015760
[  430.755375] , ext4, 1572370029557171, 38015768
[  430.755376] , ext4, 1572370029557172, 38015776
[  430.755377] , ext4, 1572370029557173, 38015784
[  430.755378] , ext4, 1572370029557173, 38015792
[  430.755379] , ext4, 1572370029557173, 38015800
[  430.755380] , ext4, 1572370029557174, 38015808
[  430.755381] , ext4, 1572370029557174, 38015816
[  430.755382] , ext4, 1572370029557174, 38015824
[  430.755408] , ext4, 1572370029557175, 38015832
[  430.755410] , ext4, 1572370029557175, 38015840
[  430.755411] , ext4, 1572370029557175, 38015848
[  430.755412] , ext4, 1572370029557176, 38015856
[  430.755414] , ext4, 1572370029557176, 38015864
[  430.755415] , ext4, 1572370029557177, 38015872
[  430.755416] , ext4, 1572370029557177, 38015880
[  430.755417] , ext4, 1572370029557178, 38015888
[  430.755418] , ext4, 1572370029557178, 38015896
[  430.755419] , ext4, 1572370029557179, 38015904
[  430.755420] , ext4, 1572370029557179, 38015912
[  430.755421] , ext4, 1572370029557179, 38015920
[  430.755422] , ext4, 1572370029557179, 38015928
[  430.755423] , ext4, 1572370029557180, 38015936
[  430.755423] , ext4, 1572370029557180, 38015944
[  430.755424] , ext4, 1572370029557182, 38015952
[  430.755425] , ext4, 1572370029566469, 38015960
[  430.755426] , ext4, 1572370029569652, 580232
[  430.755427] , ext4, 1572370029570090, 38015968
[  430.755428] , ext4, 1572370029570093, 38015976
[  430.755429] , ext4, 1572370029570095, 38015984
[  430.755430] , ext4, 1572370029570199, 38015992
[  430.755431] , ext4, 1572370030487820, 4809040
[  430.755432] , ext4, 1572370030493631, 38016000
[  430.755433] , ext4, 1572370030493687, 38016008
[  430.755434] , ext4, 1572370030493688, 38016016
[  430.755435] , ext4, 1572370030493688, 38016024
[  430.755436] , ext4, 1572370030493689, 38016032
[  430.755437] , ext4, 1572370030493689, 38016040
[  430.755437] , ext4, 1572370030493689, 38016048
[  430.755439] , ext4, 1572370030493690, 38016056
[  430.755439] , ext4, 1572370030493690, 38016064
[  430.755440] , ext4, 1572370030493690, 38016072
[  430.755441] , ext4, 1572370030493691, 38016080
[  430.755442] , ext4, 1572370030493692, 38016088
[  430.755443] , ext4, 1572370030493692, 38016096
[  430.755444] , ext4, 1572370030493694, 38016104
[  430.755445] , ext4, 1572370030493694, 38016112
[  430.755446] , ext4, 1572370030493695, 38016120
[  430.755447] , ext4, 1572370030493695, 38016128
[  430.755448] , ext4, 1572370030493695, 38016136
[  430.755449] , ext4, 1572370030493696, 38016144
[  430.755450] , ext4, 1572370030493696, 38016152
[  430.755451] , ext4, 1572370030493697, 38016160
[  430.755452] , ext4, 1572370030493697, 38016168
[  430.755452] , ext4, 1572370030493698, 38016176
[  430.755453] , ext4, 1572370030493699, 38016184
[  430.755454] , ext4, 1572370030502703, 38016192
[  430.755455] , ext4, 1572370030842297, 16
[  430.755456] , ext4, 1572370030842366, 8216
[  430.755457] , ext4, 1572370030842371, 8336
[  430.755458] , ext4, 1572370030842373, 13680
[  430.755459] , ext4, 1572370030842375, 13688
[  430.755460] , ext4, 1572370030842377, 79344
[  430.755461] , ext4, 1572370030842379, 4194312
[  430.755462] , ext4, 1572370030842380, 4194320
[  430.755463] , ext4, 1572370030842381, 4194392
[  430.755464] , ext4, 1572370030842384, 4194432
[  430.755465] , ext4, 1572370030842390, 4194560
[  430.755465] , ext4, 1572370030842391, 4194568
[  430.755466] , ext4, 1572370030842392, 4194632
[  430.755467] , ext4, 1572370030842394, 4194640
[  430.755468] , ext4, 1572370030842395, 4194664
[  430.755469] , ext4, 1572370030842396, 4194688
[  430.755470] , ext4, 1572370030842398, 4194728
[  430.755471] , ext4, 1572370030842399, 4194832
[  430.755472] , ext4, 1572370030842401, 4195208
[  430.755473] , ext4, 1572370030842402, 4195264
[  430.755474] , ext4, 1572370030842404, 4195288
[  430.755475] , ext4, 1572370030842417, 4195464
[  430.755476] , ext4, 1572370030842419, 4195536
[  430.755476] , ext4, 1572370030842421, 4195600
[  430.755477] , ext4, 1572370030842422, 4195624
[  430.755478] , ext4, 1572370030842423, 4195960
[  430.755479] , ext4, 1572370030842424, 4195984
[  430.755480] , ext4, 1572370030842426, 4196184
[  430.755481] , ext4, 1572370030842427, 4196192
[  430.755482] , ext4, 1572370030842428, 4196232
[  430.755483] , ext4, 1572370030842429, 4196256
[  430.755484] , ext4, 1572370030842430, 4196264
[  430.755485] , ext4, 1572370030842432, 4196272
[  430.755485] , ext4, 1572370030842433, 4196280
[  430.755486] , ext4, 1572370030842433, 4196288
[  430.755487] , ext4, 1572370030842434, 4196296
[  430.755488] , ext4, 1572370030842435, 4196304
[  430.755489] , ext4, 1572370030842437, 4196336
[  430.755490] , ext4, 1572370030842438, 4196408
[  430.755491] , ext4, 1572370030842440, 4196488
[  430.755492] , ext4, 1572370030842442, 4196504
[  430.755493] , ext4, 1572370030842443, 4196536
[  430.755494] , ext4, 1572370030842445, 4196544
[  430.755495] , ext4, 1572370030842446, 4196552
[  430.755496] , ext4, 1572370030842447, 4196560
[  430.755496] , ext4, 1572370030842448, 4196584
[  430.755497] , ext4, 1572370030842450, 4196592
[  430.755498] , ext4, 1572370030842451, 4196600
[  430.755499] , ext4, 1572370030842452, 4196608
[  430.755500] , ext4, 1572370030842452, 4196664
[  430.755501] , ext4, 1572370030842459, 4260208
[  430.755502] , ext4, 1572370030842464, 4261024
[  430.755503] , ext4, 1572370030842466, 4261032
[  430.755504] , ext4, 1572370030842467, 4261128
[  430.755505] , ext4, 1572370030842468, 4261200
[  430.755506] , ext4, 1572370030842470, 4263616
[  430.755507] , ext4, 1572370030842472, 4264224
[  430.755508] , ext4, 1572370030842474, 4264704
[  430.755508] , ext4, 1572370030842475, 4264752
[  430.755509] , ext4, 1572370030842477, 4264768
[  430.755511] , ext4, 1572370030842478, 4264776
[  430.755512] , ext4, 1572370030842480, 4264832
[  430.755512] , ext4, 1572370030842481, 4266112
[  430.755513] , ext4, 1572370030842483, 4266584
[  430.755514] , ext4, 1572370030842486, 4266600
[  430.755515] , ext4, 1572370030842492, 4268168
[  430.755516] , ext4, 1572370030842494, 4268272
[  430.755517] , ext4, 1572370030842495, 8388760
[  430.755518] , ext4, 1572370030842503, 8404760
[  430.755519] , ext4, 1572370030842505, 8404776
[  430.755520] , ext4, 1572370030842507, 8404816
[  430.755521] , ext4, 1572370030842509, 8455608
[  430.755522] , ext4, 1572370030842510, 8455992
[  430.755523] , ext4, 1572370030842511, 8471712
[  430.755524] , ext4, 1572370030842513, 16777224
[  430.755525] , ext4, 1572370030842515, 16777344
[  430.755526] , ext4, 1572370030842516, 16777472
[  430.755528] , ext4, 1572370030842517, 16777512
[  430.755529] , ext4, 1572370030842522, 16842888
[  430.755530] , ext4, 1572370030842523, 20971648
[  430.755531] , ext4, 1572370030842524, 20971776
[  430.755532] , ext4, 1572370030842525, 20971840
[  430.755533] , ext4, 1572370030842526, 21037200
[  430.755534] , ext4, 1572370030842528, 29360128
[  430.755535] , ext4, 1572370030842533, 29360264
[  430.755536] , ext4, 1572370030842535, 29366640
[  430.755537] , ext4, 1572370030842536, 29366648
[  430.755538] , ext4, 1572370030842537, 29366656
[  430.755539] , ext4, 1572370030842538, 29619744
[  430.755539] , ext4, 1572370030842539, 29619752
[  430.755540] , ext4, 1572370030842539, 29619760
[  430.755542] , ext4, 1572370030842540, 29619768
[  430.755543] , ext4, 1572370030842542, 29619776
[  430.755544] , ext4, 1572370030842543, 29619784
[  430.755545] , ext4, 1572370030842543, 29619792
[  430.755546] , ext4, 1572370030842544, 29619800
[  430.755547] , ext4, 1572370030842545, 29619808
[  430.755548] , ext4, 1572370030842546, 29619816
[  430.755549] , ext4, 1572370030842546, 29619824
[  430.755550] , ext4, 1572370030842547, 29619832
[  430.755552] , ext4, 1572370030842548, 29619840
[  430.755553] , ext4, 1572370030842549, 29619856
[  430.755553] , ext4, 1572370030842550, 29619864
[  430.755554] , ext4, 1572370030842551, 37748760
[  430.755555] , ext4, 1572370030842552, 37748808
[  430.755556] , ext4, 1572370030842558, 37748872
[  430.755557] , ext4, 1572370030842561, 37760848
[  430.755559] , ext4, 1572370030842562, 37760880
[  430.755561] , ext4, 1572370030842563, 37761216
[  430.755562] , ext4, 1572370030842564, 37844992
[  430.755563] , ext4, 1572370030842565, 46137352
[  430.755564] , ext4, 1572370030842566, 46140136
[  430.755565] , ext4, 1572370030842618, 54526112
[  430.755566] , ext4, 1572370030842625, 54526208
[  430.755567] , ext4, 1572370030842626, 54546368
[  430.755568] , ext4, 1572370030842637, 54591616
[  430.755569] , ext4, 1572370030842640, 58720256
[  430.755570] , ext4, 1572370030842641, 58720384
[  430.755571] , ext4, 1572370030842647, 58720520
[  430.755572] , ext4, 1572370030842648, 58727096
[  430.755573] , ext4, 1572370030842650, 58786016
[  430.755574] , ext4, 1572370030842651, 58795528
[  430.755576] , ext4, 1572370030842653, 62914584
[  430.755577] , ext4, 1572370030842657, 67108872
[  430.755578] , ext4, 1572370030842660, 67109000
[  430.755579] , ext4, 1572370030842662, 67112256
[  430.755580] , ext4, 1572370030842664, 67112264
[  430.755580] , ext4, 1572370030842665, 67112272
[  430.755581] , ext4, 1572370030842667, 67112288
[  430.755582] , ext4, 1572370030842672, 67112320
[  430.755583] , ext4, 1572370030842675, 67114744
[  430.755584] , ext4, 1572370030842678, 67185648
[  430.755585] , ext4, 1572370030842680, 67185744
[  430.755586] , ext4, 1572370030842689, 67185880
[  430.755587] , ext4, 1572370030842691, 75497472
[  430.755588] , ext4, 1572370030842692, 75497480
[  430.755589] , ext4, 1572370030842693, 75497600
[  430.755591] , ext4, 1572370030842695, 75497608
[  430.755592] , ext4, 1572370030842696, 75497768
[  430.755592] , ext4, 1572370030842697, 75500360
[  430.755593] , ext4, 1572370030842702, 75501640
[  430.755594] , ext4, 1572370030842704, 75501648
[  430.755595] , ext4, 1572370030842705, 75501832
[  430.755596] , ext4, 1572370030842707, 75502928
[  430.755597] , ext4, 1572370030842708, 75502936
[  430.755599] , ext4, 1572370030842710, 75502944
[  430.755600] , ext4, 1572370030842711, 75502952
[  430.755601] , ext4, 1572370030842712, 75573480
[  430.755602] , ext4, 1572370030842713, 75574456
[  430.755603] , ext4, 1572370030842715, 75581480
[  430.755603] , ext4, 1572370030842803, 75581528
[  430.755605] , ext4, 1572370030842806, 75581736
[  430.755607] , ext4, 1572370030842807, 75581744
[  430.755608] , ext4, 1572370030842809, 75581824
[  430.755609] , ext4, 1572370030842812, 75581832
[  430.755610] , ext4, 1572370030842813, 75581856
[  430.755610] , ext4, 1572370030842814, 75581864
[  430.755611] , ext4, 1572370030842815, 75581872
[  430.755613] , ext4, 1572370030842816, 75581880
[  430.755614] , ext4, 1572370030842817, 75581888
[  430.755615] , ext4, 1572370030842818, 75581896
[  430.755616] , ext4, 1572370030842826, 4486872
[  430.755617] , ext4, 1572370030842843, 67394472
[  430.755618] , ext4, 1572370030842852, 4981160
[  430.755619] , ext4, 1572370030858989, 63760776
[  430.755621] , ext4, 1572370030859039, 7332608
[  430.755622] , ext4, 1572370030859043, 4813520
[  430.755623] , ext4, 1572370031400486, 46551080
[  430.755624] , ext4, 1572370031400753, 8666728
[  430.755625] , ext4, 1572370031400757, 8666736
[  430.755626] , ext4, 1572370031400759, 8666744
[  430.755627] , ext4, 1572370031400818, 38016200
[  430.755628] , ext4, 1572370031400882, 38016208
[  430.755629] , ext4, 1572370031400883, 38016216
[  430.755630] , ext4, 1572370031400883, 38016224
[  430.755631] , ext4, 1572370031400883, 38016232
[  430.755632] , ext4, 1572370031400884, 38016240
[  430.755633] , ext4, 1572370031400884, 38016248
[  430.755634] , ext4, 1572370031400885, 38016256
[  430.755635] , ext4, 1572370031400885, 38016264
[  430.755637] , ext4, 1572370031400885, 38016272
[  430.755638] , ext4, 1572370031400885, 38016280
[  430.755639] , ext4, 1572370031400886, 38016288
[  430.755640] , ext4, 1572370031400886, 38016296
[  430.755641] , ext4, 1572370031400887, 38016304
[  430.755642] , ext4, 1572370031400887, 38016312
[  430.755643] , ext4, 1572370031400888, 38016320
[  430.755656] , ext4, 1572370031400889, 38016328
[  430.755657] , ext4, 1572370031400889, 38016336
[  430.755658] , ext4, 1572370031400890, 38016344
[  430.755659] , ext4, 1572370031400890, 38016352
[  430.755660] , ext4, 1572370031400890, 38016360
[  430.755661] , ext4, 1572370031400890, 38016368
[  430.755662] , ext4, 1572370031400891, 38016376
[  430.755663] , ext4, 1572370031400891, 38016384
[  430.755664] , ext4, 1572370031400891, 38016392
[  430.755665] , ext4, 1572370031400892, 38016400
[  430.755666] , ext4, 1572370031400892, 38016408
[  430.755667] , ext4, 1572370031400893, 38016416
[  430.755668] , ext4, 1572370031400893, 38016424
[  430.755669] , ext4, 1572370031401089, 38016432
[  430.755670] , ext4, 1572370032066548, 67394432
[  430.755671] , ext4, 1572370032687262, 4825152
[  430.755672] , ext4, 1572370032687560, 38016440
[  430.755673] , ext4, 1572370032687562, 38016448
[  430.755674] , ext4, 1572370032687563, 38016456
[  430.755675] , ext4, 1572370032687564, 38016464
[  430.755676] , ext4, 1572370032687564, 38016472
[  430.755677] , ext4, 1572370032687564, 38016480
[  430.755678] , ext4, 1572370032687565, 38016488
[  430.755679] , ext4, 1572370032687565, 38016496
[  430.755680] , ext4, 1572370032687565, 38016504
[  430.755682] , ext4, 1572370032687566, 38016512
[  430.755683] , ext4, 1572370032687566, 38016520
[  430.755684] , ext4, 1572370032687566, 38016528
[  430.755685] , ext4, 1572370032687566, 38016536
[  430.755686] , ext4, 1572370032687566, 38016544
[  430.755687] , ext4, 1572370032687567, 38016552
[  430.755688] , ext4, 1572370032687567, 38016560
[  430.755690] , ext4, 1572370032687567, 38016568
[  430.755691] , ext4, 1572370032687567, 38016576
[  430.755692] , ext4, 1572370032687567, 38016584
[  430.755693] , ext4, 1572370032687568, 38016592
[  430.755694] , ext4, 1572370032687568, 38016600
[  430.755695] , ext4, 1572370032687568, 38016608
[  430.755696] , ext4, 1572370032687569, 38016616
[  430.755697] , ext4, 1572370032687569, 38016624
[  430.755698] , ext4, 1572370032687569, 38016632
[  430.755699] , ext4, 1572370032687569, 38016640
[  430.755700] , ext4, 1572370032687569, 38016648
[  430.755701] , ext4, 1572370032687570, 38016656
[  430.755702] , ext4, 1572370032687570, 38016664
[  430.755703] , ext4, 1572370032694069, 38016672
[  430.755704] , ext4, 1572370033286562, 63713400
[  430.755705] , ext4, 1572370033287367, 38016680
[  430.755706] , ext4, 1572370033287370, 38016688
[  430.755707] , ext4, 1572370033287372, 38016696
[  430.755708] , ext4, 1572370033287372, 38016704
[  430.755709] , ext4, 1572370033287372, 38016712
[  430.755710] , ext4, 1572370033287373, 38016720
[  430.755711] , ext4, 1572370033287373, 38016728
[  430.755712] , ext4, 1572370033287373, 38016736
[  430.755714] , ext4, 1572370033287374, 38016744
[  430.755715] , ext4, 1572370033287374, 38016752
[  430.755716] , ext4, 1572370033287374, 38016760
[  430.755717] , ext4, 1572370033294546, 38016768
[  430.755718] , ext4, 1572370033295608, 38016776
[  430.755719] , ext4, 1572370033295610, 38016784
[  430.755720] , ext4, 1572370033295759, 38016792
[  430.755721] , ext4, 1572370033324304, 4825176
[  430.755722] , ext4, 1572370033396404, 4825240
[  430.755723] , ext4, 1572370033396647, 8666816
[  430.755724] , ext4, 1572370033396651, 8666824
[  430.755725] , ext4, 1572370033396653, 8666832
[  430.755726] , ext4, 1572370033396677, 38016800
[  430.755727] , ext4, 1572370033396678, 38016808
[  430.755729] , ext4, 1572370033396678, 38016816
[  430.755729] , ext4, 1572370033396678, 38016824
[  430.755730] , ext4, 1572370033396678, 38016832
[  430.755731] , ext4, 1572370033396678, 38016840
[  430.755732] , ext4, 1572370033396679, 38016848
[  430.755733] , ext4, 1572370033396679, 38016856
[  430.755735] , ext4, 1572370033396679, 38016864
[  430.755736] , ext4, 1572370033396679, 38016872
[  430.755737] , ext4, 1572370033396679, 38016880
[  430.755738] , ext4, 1572370033396680, 38016888
[  430.755739] , ext4, 1572370033396680, 38016896
[  430.755740] , ext4, 1572370033396681, 38016904
[  430.755741] , ext4, 1572370033396681, 38016912
[  430.755742] , ext4, 1572370033396682, 38016920
[  430.755744] , ext4, 1572370033396682, 38016928
[  430.755745] , ext4, 1572370033396683, 38016936
[  430.755746] , ext4, 1572370033396683, 38016944
[  430.755747] , ext4, 1572370033396683, 38016952
[  430.755748] , ext4, 1572370033396683, 38016960
[  430.755748] , ext4, 1572370033396683, 38016968
[  430.755749] , ext4, 1572370033396684, 38016976
[  430.755751] , ext4, 1572370033402223, 38016984
[  430.755752] , ext4, 1572370033495528, 7090184
[  430.755753] , ext4, 1572370033495832, 38016992
[  430.755754] , ext4, 1572370033495835, 38017000
[  430.755755] , ext4, 1572370033495836, 38017008
[  430.755756] , ext4, 1572370033495837, 38017016
[  430.755757] , ext4, 1572370033495837, 38017024
[  430.755757] , ext4, 1572370033495837, 38017032
[  430.755758] , ext4, 1572370033495837, 38017040
[  430.755760] , ext4, 1572370033495837, 38017048
[  430.755761] , ext4, 1572370033499587, 38017056
[  430.755762] , ext4, 1572370033500093, 67394448
[  430.755763] , ext4, 1572370033501392, 38017064
[  430.755764] , ext4, 1572370033501394, 38017072
[  430.755765] , ext4, 1572370033501395, 38017080
[  430.755765] , ext4, 1572370033501395, 38017088
[  430.755767] , ext4, 1572370033501396, 38017096
[  430.755768] , ext4, 1572370033501396, 38017104
[  430.755769] , ext4, 1572370033501397, 38017128
[  430.755770] , ext4, 1572370033501397, 38017112
[  430.755771] , ext4, 1572370033501397, 38017120
[  430.755772] , ext4, 1572370033501398, 38017136
[  430.755773] , ext4, 1572370033501599, 38017144
[  430.755774] , ext4, 1572370033502969, 6906552
[  430.755775] , ext4, 1572370033503293, 38017152
[  430.755777] , ext4, 1572370033503296, 38017160
[  430.755778] , ext4, 1572370033503510, 38017168
[  430.755779] , ext4, 1572370035490634, 4825240
[  430.755779] , ext4, 1572370035490652, 7086088
[  430.755780] , ext4, 1572370035490979, 8666904
[  430.755781] , ext4, 1572370035490984, 8666912
[  430.755782] , ext4, 1572370035490986, 8666920
[  430.755784] , ext4, 1572370035491241, 8717776
[  430.755785] , ext4, 1572370035491243, 8717784
[  430.755786] , ext4, 1572370035491244, 8717792
[  430.755787] , ext4, 1572370035491384, 38017176
[  430.755788] , ext4, 1572370035491385, 38017184
[  430.755788] , ext4, 1572370035491386, 38017192
[  430.755789] , ext4, 1572370035491386, 38017200
[  430.755791] , ext4, 1572370035491386, 38017208
[  430.755792] , ext4, 1572370035491386, 38017224
[  430.755793] , ext4, 1572370035491386, 38017232
[  430.755794] , ext4, 1572370035491386, 38017240
[  430.755795] , ext4, 1572370035491386, 38017216
[  430.755796] , ext4, 1572370035491387, 38017256
[  430.755797] , ext4, 1572370035491387, 38017264
[  430.755798] , ext4, 1572370035491387, 38017272
[  430.755799] , ext4, 1572370035491387, 38017248
[  430.755800] , ext4, 1572370035491512, 38017280
[  430.755801] , ext4, 1572370035492787, 4612864
[  430.755802] , ext4, 1572370035492793, 4613016
[  430.755803] , ext4, 1572370035492794, 4613064
[  430.755804] , ext4, 1572370035492798, 1509768
[  430.755805] , ext4, 1572370035493062, 38017288
[  430.755806] , ext4, 1572370035493065, 38017296
[  430.755807] , ext4, 1572370035493065, 38017304
[  430.755808] , ext4, 1572370035493065, 38017312
[  430.755809] , ext4, 1572370035493160, 38017320
[  430.755810] , ext4, 1572370040871721, 75837440
[  430.755811] , ext4, 1572370040871801, 75856416
[  430.755813] , ext4, 1572370040871909, 75835392
[  430.755814] , ext4, 1572370040872013, 75974656
[  430.755814] , ext4, 1572370040872022, 75761616
[  430.755815] , ext4, 1572370040872073, 75797448
[  430.755816] , ext4, 1572370040872136, 75798352
[  430.755817] , ext4, 1572370040872147, 75799456
[  430.755818] , ext4, 1572370040872152, 75761688
[  430.755820] , ext4, 1572370040872156, 46551048
[  430.755821] , ext4, 1572370040872168, 4456840
[  430.755822] , ext4, 1572370040872176, 4456936
[  430.755823] , ext4, 1572370040872183, 4457032
[  430.755824] , ext4, 1572370040872196, 67416088
[  430.755825] , ext4, 1572370040872198, 67411968
[  430.755825] , ext4, 1572370040872208, 17039360
[  430.755826] , ext4, 1572370040872211, 46526496
[  430.755828] , ext4, 1572370040872219, 67411976
[  430.755829] , ext4, 1572370040872224, 4796528
[  430.755830] , ext4, 1572370040872227, 4796536
[  430.755831] , ext4, 1572370040872229, 4796544
[  430.755832] , ext4, 1572370040872232, 4796552
[  430.755833] , ext4, 1572370040872233, 4796560
[  430.755834] , ext4, 1572370040872239, 67412024
[  430.755835] , ext4, 1572370040872241, 4469024
[  430.755837] , ext4, 1572370040873954, 4472328
[  430.755838] , ext4, 1572370040873958, 4512648
[  430.755839] , ext4, 1572370040873960, 67416160
[  430.755839] , ext4, 1572370040873962, 4472616
[  430.755840] , ext4, 1572370040873964, 4472624
[  430.755841] , ext4, 1572370040873967, 4511984
[  430.755842] , ext4, 1572370040873974, 38017328
[  430.755844] , ext4, 1572370040873979, 38017336
[  430.755845] , ext4, 1572370040873980, 38017344
[  430.755846] , ext4, 1572370040873980, 38017360
[  430.755847] , ext4, 1572370040873980, 38017368
[  430.755848] , ext4, 1572370040873980, 38017352
[  430.755849] , ext4, 1572370040873981, 38017376
[  430.755850] , ext4, 1572370040873981, 38017384
[  430.755852] , ext4, 1572370040873981, 38017392
[  430.755852] , ext4, 1572370040873981, 38017400
[  430.755853] , ext4, 1572370040873981, 38017408
[  430.755854] , ext4, 1572370040873982, 38017424
[  430.755855] , ext4, 1572370040873982, 38017432
[  430.755856] , ext4, 1572370040873982, 38017440
[  430.755857] , ext4, 1572370040873982, 38017416
[  430.755859] , ext4, 1572370040873983, 38017456
[  430.755860] , ext4, 1572370040873983, 38017448
[  430.755861] , ext4, 1572370040873984, 38017464
[  430.755862] , ext4, 1572370040873984, 38017472
[  430.755863] , ext4, 1572370040873984, 38017480
[  430.755864] , ext4, 1572370040873985, 38017488
[  430.755865] , ext4, 1572370040873985, 38017496
[  430.755867] , ext4, 1572370040873985, 38017504
[  430.755867] , ext4, 1572370040873986, 38017512
[  430.755868] , ext4, 1572370040873986, 38017520
[  430.755869] , ext4, 1572370040873987, 38017528
[  430.755871] , ext4, 1572370040873987, 38017536
[  430.755872] , ext4, 1572370040873988, 38017552
[  430.755873] , ext4, 1572370040873988, 38017560
[  430.755874] , ext4, 1572370040873988, 38017544
[  430.755875] , ext4, 1572370040873989, 38017568
[  430.755876] , ext4, 1572370040877269, 38017576
[  430.755877] , ext4, 1572370040877343, 4457192
[  430.755878] , ext4, 1572370040877351, 46518400
[  430.755879] , ext4, 1572370040877354, 4511952
[  430.755881] , ext4, 1572370040877364, 67416176
[  430.755882] , ext4, 1572370040877365, 67412032
[  430.755882] , ext4, 1572370040877396, 46518424
[  430.755883] , ext4, 1572370040877400, 46518432
[  430.755884] , ext4, 1572370040877405, 67393920
[  430.755885] , ext4, 1572370040877406, 67394552
[  430.755886] , ext4, 1572370044224558, 4825248
[  430.755888] , ext4, 1572370045873917, 4472632
[  430.755889] , ext4, 1572370045873928, 46551072
[  430.755890] , ext4, 1572370045874242, 46551072
[  430.755891] , ext4, 1572370045874278, 38017584
[  430.755892] , ext4, 1572370045874303, 38017592
[  430.755893] , ext4, 1572370045874304, 38017608
[  430.755894] , ext4, 1572370045874304, 38017600
[  430.755895] , ext4, 1572370045874305, 38017616
[  430.755896] , ext4, 1572370045874305, 38017624
[  430.755897] , ext4, 1572370045874306, 38017640
[  430.755898] , ext4, 1572370045874306, 38017632
[  430.755899] , ext4, 1572370045874307, 38017648
[  430.755900] , ext4, 1572370045874307, 38017656
[  430.755901] , ext4, 1572370045874307, 38017664
[  430.755902] , ext4, 1572370045874308, 38017672
[  430.755903] , ext4, 1572370045874308, 38017680
[  430.755905] , ext4, 1572370045874309, 38017688
[  430.755906] , ext4, 1572370045874309, 38017704
[  430.755910] , ext4, 1572370045874309, 38017696
[  430.755910] , ext4, 1572370045874310, 38017712
[  430.755912] , ext4, 1572370045874310, 38017720
[  430.755913] , ext4, 1572370045874311, 38017728
[  430.755914] , ext4, 1572370045874312, 38017736
[  430.755915] , ext4, 1572370045874312, 38017744
[  430.755916] , ext4, 1572370045874313, 38017752
[  430.755917] , ext4, 1572370045874313, 38017768
[  430.755918] , ext4, 1572370045874313, 38017760
[  430.755919] , ext4, 1572370045874314, 38017776
[  430.755921] , ext4, 1572370045874315, 38017784
[  430.755921] , ext4, 1572370045874315, 38017792
[  430.755922] , ext4, 1572370045874315, 38017800
[  430.755923] , ext4, 1572370045874316, 38017808
[  430.755924] , ext4, 1572370045874316, 38017816
[  430.755926] , ext4, 1572370045874316, 38017832
[  430.755928] , ext4, 1572370045874316, 38017824
[  430.755928] , ext4, 1572370045874317, 38017840
[  430.755929] , ext4, 1572370045874317, 38017848
[  430.755930] , ext4, 1572370045874326, 4984840
[  430.755931] , ext4, 1572370045874849, 38017856
[  430.755932] , ext4, 1572370048636563, 67412040
[  430.755933] , ext4, 1572370048636849, 38017864
[  430.755934] , ext4, 1572370048636854, 38017872
[  430.755936] , ext4, 1572370048636855, 38017880
[  430.755937] , ext4, 1572370048636905, 38017888
[  430.755937] , ext4, 1572370048636906, 38017896
[  430.755938] , ext4, 1572370048636907, 38017904
[  430.755939] , ext4, 1572370048636907, 38017912
[  430.755940] , ext4, 1572370048636908, 38017920
[  430.755941] , ext4, 1572370048636908, 38017928
[  430.755942] , ext4, 1572370048636909, 38017944
[  430.755944] , ext4, 1572370048636909, 38017952
[  430.755945] , ext4, 1572370048636909, 38017936
[  430.755946] , ext4, 1572370048636910, 38017960
[  430.755947] , ext4, 1572370048636911, 38017976
[  430.755948] , ext4, 1572370048636911, 38017968
[  430.755949] , ext4, 1572370048636912, 38017984
[  430.755950] , ext4, 1572370048636912, 38017992
[  430.755951] , ext4, 1572370048636912, 38018000
[  430.755952] , ext4, 1572370048636913, 38018008
[  430.755953] , ext4, 1572370048636913, 38018016
[  430.755954] , ext4, 1572370048636914, 38018024
[  430.755955] , ext4, 1572370048636915, 38018032
[  430.755956] , ext4, 1572370048637280, 38018040
[  430.755958] , ext4, 1572370048639637, 67412040
[  430.755959] , ext4, 1572370048640135, 38018048
[  430.755960] , ext4, 1572370048640138, 38018056
[  430.755961] , ext4, 1572370048640335, 38018064
[  430.755962] , ext4, 1572370048641960, 4612392
[  430.755963] , ext4, 1572370048650351, 38018072
[  430.755964] , ext4, 1572370048650359, 38018080
[  430.755965] , ext4, 1572370048650526, 38018088
[  430.755966] , ext4, 1572370048651535, 38018096
[  430.755967] , ext4, 1572370048651540, 38018104
[  430.755968] , ext4, 1572370048651542, 38018120
[  430.755969] , ext4, 1572370048651542, 38018112
[  430.755970] , ext4, 1572370048651543, 38018128
[  430.755971] , ext4, 1572370048651543, 38018136
[  430.755973] , ext4, 1572370048651544, 38018144
[  430.755974] , ext4, 1572370048651544, 38018152
[  430.755975] , ext4, 1572370048651760, 38018160
[  430.755976] , ext4, 1572370049171717, 63772480
[  430.755976] , ext4, 1572370049172027, 8747144
[  430.755977] , ext4, 1572370049172030, 8747152
[  430.755978] , ext4, 1572370049172032, 8747160
[  430.755979] , ext4, 1572370049172036, 9318944
[  430.755981] , ext4, 1572370049172037, 9318952
[  430.755982] , ext4, 1572370049172038, 9318960
[  430.755983] , ext4, 1572370049172041, 8787376
[  430.755984] , ext4, 1572370049172042, 8787384
[  430.755985] , ext4, 1572370049172044, 8747616
[  430.755986] , ext4, 1572370049172045, 8747624
[  430.755987] , ext4, 1572370049172046, 8747632
[  430.755988] , ext4, 1572370049172048, 8747416
[  430.755989] , ext4, 1572370049172049, 8747424
[  430.755990] , ext4, 1572370049172049, 8747432
[  430.755991] , ext4, 1572370049172051, 8720352
[  430.755992] , ext4, 1572370049172052, 8720360
[  430.755993] , ext4, 1572370049172054, 8720368
[  430.755994] , ext4, 1572370049172056, 8747312
[  430.755996] , ext4, 1572370049172057, 8747320
[  430.755997] , ext4, 1572370049172059, 8747328
[  430.755998] , ext4, 1572370049172060, 8747240
[  430.755999] , ext4, 1572370049172061, 8747248
[  430.755999] , ext4, 1572370049172062, 8747256
[  430.756000] , ext4, 1572370049172065, 8747120
[  430.756002] , ext4, 1572370049172067, 8747128
[  430.756003] , ext4, 1572370049172068, 8747136
[  430.756004] , ext4, 1572370049172070, 8821216
[  430.756005] , ext4, 1572370049172071, 8821224
[  430.756006] , ext4, 1572370049172072, 8821232
[  430.756007] , ext4, 1572370049172074, 8821240
[  430.756008] , ext4, 1572370049172105, 8780256
[  430.756009] , ext4, 1572370049172106, 8780264
[  430.756010] , ext4, 1572370049172107, 8780272
[  430.756012] , ext4, 1572370049172111, 9315440
[  430.756013] , ext4, 1572370049172113, 9315448
[  430.756013] , ext4, 1572370049172115, 8814232
[  430.756014] , ext4, 1572370049172116, 8814240
[  430.756015] , ext4, 1572370049172118, 8814248
[  430.756016] , ext4, 1572370049172120, 8720312
[  430.756017] , ext4, 1572370049172121, 8720320
[  430.756019] , ext4, 1572370049172122, 8720328
[  430.756020] , ext4, 1572370049172124, 8655488
[  430.756021] , ext4, 1572370049172125, 8655496
[  430.756022] , ext4, 1572370049172128, 8769408
[  430.756023] , ext4, 1572370049172129, 8769416
[  430.756024] , ext4, 1572370049172130, 8769424
[  430.756025] , ext4, 1572370049172132, 8788328
[  430.756026] , ext4, 1572370049172132, 8788336
[  430.756027] , ext4, 1572370049172133, 8788344
[  430.756028] , ext4, 1572370049172135, 8769360
[  430.756029] , ext4, 1572370049172137, 8769368
[  430.756030] , ext4, 1572370049172138, 8769304
[  430.756031] , ext4, 1572370049172140, 8769312
[  430.756032] , ext4, 1572370049172142, 8769200
[  430.756033] , ext4, 1572370049172143, 8769208
[  430.756034] , ext4, 1572370049172144, 8769216
[  430.756035] , ext4, 1572370049172148, 8768824
[  430.756036] , ext4, 1572370049172149, 8768832
[  430.756037] , ext4, 1572370049172151, 8778776
[  430.756038] , ext4, 1572370049172152, 8778784
[  430.756039] , ext4, 1572370049172153, 8778792
[  430.756040] , ext4, 1572370049172154, 8779136
[  430.756042] , ext4, 1572370049172155, 8779144
[  430.756042] , ext4, 1572370049172156, 8779152
[  430.756043] , ext4, 1572370049172158, 8768560
[  430.756044] , ext4, 1572370049172160, 8768568
[  430.756045] , ext4, 1572370049172161, 8785208
[  430.756046] , ext4, 1572370049172163, 8785216
[  430.756047] , ext4, 1572370049172165, 8768928
[  430.756048] , ext4, 1572370049172166, 8768936
[  430.756049] , ext4, 1572370049172169, 8768672
[  430.756051] , ext4, 1572370049172170, 8768680
[  430.756052] , ext4, 1572370049172171, 8768688
[  430.756052] , ext4, 1572370049172174, 8759376
[  430.756053] , ext4, 1572370049172175, 8759384
[  430.756054] , ext4, 1572370049172177, 8778976
[  430.756055] , ext4, 1572370049172177, 8778984
[  430.756057] , ext4, 1572370049172179, 8719360
[  430.756058] , ext4, 1572370049172180, 8719368
[  430.756059] , ext4, 1572370049172182, 8810168
[  430.756060] , ext4, 1572370049172183, 8810176
[  430.756061] , ext4, 1572370049172184, 8810184
[  430.756062] , ext4, 1572370049172186, 8780232
[  430.756063] , ext4, 1572370049172187, 8780240
[  430.756064] , ext4, 1572370049172188, 8780248
[  430.756066] , ext4, 1572370049172190, 8718816
[  430.756067] , ext4, 1572370049172191, 8718824
[  430.756068] , ext4, 1572370049172191, 8718832
[  430.756068] , ext4, 1572370049172193, 8654560
[  430.756069] , ext4, 1572370049172195, 8654568
[  430.756070] , ext4, 1572370049172196, 8718792
[  430.756071] , ext4, 1572370049172198, 8718800
[  430.756073] , ext4, 1572370049172199, 8718808
[  430.756074] , ext4, 1572370049172231, 38018168
[  430.756075] , ext4, 1572370049172232, 38018176
[  430.756076] , ext4, 1572370049172232, 38018184
[  430.756077] , ext4, 1572370049172233, 38018200
[  430.756078] , ext4, 1572370049172233, 38018208
[  430.756079] , ext4, 1572370049172233, 38018192
[  430.756081] , ext4, 1572370049172234, 38018216
[  430.756081] , ext4, 1572370049172234, 38018232
[  430.756082] , ext4, 1572370049172234, 38018224
[  430.756083] , ext4, 1572370049172235, 38018240
[  430.756084] , ext4, 1572370049172235, 38018248
[  430.756085] , ext4, 1572370049172235, 38018264
[  430.756086] , ext4, 1572370049172235, 38018256
[  430.756087] , ext4, 1572370049172236, 38018272
[  430.756089] , ext4, 1572370049172236, 38018280
[  430.756090] , ext4, 1572370049172236, 38018288
[  430.756091] , ext4, 1572370049172237, 38018296
[  430.756092] , ext4, 1572370049172237, 38018304
[  430.756093] , ext4, 1572370049172238, 38018312
[  430.756094] , ext4, 1572370049172238, 38018328
[  430.756095] , ext4, 1572370049172238, 38018336
[  430.756096] , ext4, 1572370049172238, 38018344
[  430.756097] , ext4, 1572370049172238, 38018320
[  430.756098] , ext4, 1572370049172238, 38018352
[  430.756099] , ext4, 1572370049172239, 38018360
[  430.756100] , ext4, 1572370049172239, 38018368
[  430.756101] , ext4, 1572370049172239, 38018376
[  430.756102] , ext4, 1572370049172239, 38018392
[  430.756104] , ext4, 1572370049172239, 38018384
[  430.756105] , ext4, 1572370049172240, 38018400
[  430.756105] , ext4, 1572370049172240, 38018408
[  430.756106] , ext4, 1572370049172240, 38018416
[  430.756107] , ext4, 1572370049172241, 38018448
[  430.756108] , ext4, 1572370049172241, 38018424
[  430.756109] , ext4, 1572370049172241, 38018432
[  430.756111] , ext4, 1572370049172241, 38018440
[  430.756112] , ext4, 1572370049172241, 38018456
[  430.756113] , ext4, 1572370049172241, 38018464
[  430.756113] , ext4, 1572370049172242, 38018472
[  430.756114] , ext4, 1572370049179421, 38018480
[  430.756115] , ext4, 1572370049182618, 38018488
[  430.756116] , ext4, 1572370049182621, 38018496
[  430.756118] , ext4, 1572370049182622, 38018504
[  430.756119] , ext4, 1572370049182801, 38018512
[  430.756120] , ext4, 1572370054220026, 8781136
[  430.756121] , ext4, 1572370054220031, 8781144
[  430.756122] , ext4, 1572370054220034, 8781152
[  430.756123] , ext4, 1572370054220065, 9316264
[  430.756124] , ext4, 1572370054220073, 9316272
[  430.756125] , ext4, 1572370054220074, 9316280
[  430.756126] , ext4, 1572370054220100, 9319384
[  430.756127] , ext4, 1572370054220102, 9319392
[  430.756128] , ext4, 1572370054220104, 9319400
[  430.756129] , ext4, 1572370054220118, 8748032
[  430.756130] , ext4, 1572370054220120, 8748040
[  430.756131] , ext4, 1572370054220121, 8748048
[  430.756132] , ext4, 1572370054220137, 8803088
[  430.756133] , ext4, 1572370054220139, 8803096
[  430.756134] , ext4, 1572370054220140, 8803104
[  430.756135] , ext4, 1572370054220169, 8780816
[  430.756137] , ext4, 1572370054220171, 8780824
[  430.756138] , ext4, 1572370054220172, 8780832
[  430.756139] , ext4, 1572370054220197, 8802960
[  430.756139] , ext4, 1572370054220199, 8802968
[  430.756140] , ext4, 1572370054220200, 8802976
[  430.756141] , ext4, 1572370054220219, 8658592
[  430.756143] , ext4, 1572370054220221, 8658600
[  430.756144] , ext4, 1572370054220255, 8666560
[  430.756145] , ext4, 1572370054220391, 8666456
[  430.756146] , ext4, 1572370054220417, 8747616
[  430.756147] , ext4, 1572370054220418, 8747624
[  430.756148] , ext4, 1572370054220420, 8747632
[  430.756149] , ext4, 1572370054220435, 8720352
[  430.756150] , ext4, 1572370054220437, 8720360
[  430.756152] , ext4, 1572370054220438, 8720368
[  430.756152] , ext4, 1572370054220483, 9315440
[  430.756153] , ext4, 1572370054220485, 9315448
[  430.756154] , ext4, 1572370054220505, 8720312
[  430.756155] , ext4, 1572370054220507, 8720320
[  430.756156] , ext4, 1572370054220509, 8720328
[  430.756157] , ext4, 1572370054220522, 8788328
[  430.756159] , ext4, 1572370054220524, 8788336
[  430.756160] , ext4, 1572370054220525, 8788344
[  430.756161] , ext4, 1572370054220673, 8768560
[  430.756162] , ext4, 1572370054220733, 8768568
[  430.756163] , ext4, 1572370054220761, 8768928
[  430.756164] , ext4, 1572370054220764, 8768936
[  430.756165] , ext4, 1572370054220780, 8768472
[  430.756166] , ext4, 1572370054220813, 8792344
[  430.756167] , ext4, 1572370054220814, 8792352
[  430.756169] , ext4, 1572370054220816, 8792360
[  430.756170] , ext4, 1572370054220844, 8797448
[  430.756171] , ext4, 1572370054220846, 8797456
[  430.756172] , ext4, 1572370054220847, 8797464
[  430.756173] , ext4, 1572370054220869, 8792296
[  430.756174] , ext4, 1572370054220871, 8792304
[  430.756174] , ext4, 1572370054220872, 8792312
[  430.756177] , ext4, 1572370054221053, 8927464
[  430.756178] , ext4, 1572370054221056, 8927472
[  430.756179] , ext4, 1572370054221057, 8927480
[  430.756180] , ext4, 1572370054221086, 9316832
[  430.756181] , ext4, 1572370054221092, 9316840
[  430.756182] , ext4, 1572370054221094, 9316848
[  430.756183] , ext4, 1572370054221117, 8787880
[  430.756184] , ext4, 1572370054221119, 8787888
[  430.756185] , ext4, 1572370054221120, 8787896
[  430.756186] , ext4, 1572370054221133, 8748016
[  430.756187] , ext4, 1572370054221134, 8748024
[  430.756188] , ext4, 1572370054221135, 8780568
[  430.756189] , ext4, 1572370054221160, 8666384
[  430.756190] , ext4, 1572370054221161, 8666392
[  430.756191] , ext4, 1572370054221184, 8747848
[  430.756192] , ext4, 1572370054221186, 8747856
[  430.756193] , ext4, 1572370054221188, 8747864
[  430.756195] , ext4, 1572370054221485, 38018520
[  430.756196] , ext4, 1572370054221488, 38018528
[  430.756197] , ext4, 1572370054221489, 38018536
[  430.756198] , ext4, 1572370054221490, 38018544
[  430.756199] , ext4, 1572370054221490, 38018552
[  430.756200] , ext4, 1572370054221490, 38018560
[  430.756200] , ext4, 1572370054221491, 38018576
[  430.756202] , ext4, 1572370054221491, 38018568
[  430.756203] , ext4, 1572370054221491, 38018584
[  430.756204] , ext4, 1572370054221492, 38018600
[  430.756205] , ext4, 1572370054221492, 38018592
[  430.756207] , ext4, 1572370054221493, 38018608
[  430.756209] , ext4, 1572370054221493, 38018616
[  430.756209] , ext4, 1572370054221493, 38018624
[  430.756210] , ext4, 1572370054221494, 38018640
[  430.756211] , ext4, 1572370054221494, 38018648
[  430.756213] , ext4, 1572370054221494, 38018632
[  430.756214] , ext4, 1572370054221495, 38018656
[  430.756214] , ext4, 1572370054221495, 38018664
[  430.756215] , ext4, 1572370054221496, 38018672
[  430.756217] , ext4, 1572370054221496, 38018680
[  430.756219] , ext4, 1572370054221497, 38018696
[  430.756220] , ext4, 1572370054221497, 38018688
[  430.756221] , ext4, 1572370054221498, 38018704
[  430.756222] , ext4, 1572370054221498, 38018720
[  430.756222] , ext4, 1572370054221498, 38018712
[  430.756224] , ext4, 1572370054221499, 38018728
[  430.756225] , ext4, 1572370054221499, 38018736
[  430.756225] , ext4, 1572370054221500, 38018744
[  430.756227] , ext4, 1572370054221500, 38018752
[  430.756228] , ext4, 1572370054221501, 38018784
[  430.756229] , ext4, 1572370054221501, 38018768
[  430.756230] , ext4, 1572370054221501, 38018776
[  430.756231] , ext4, 1572370054221501, 38018760
[  430.756232] , ext4, 1572370054221502, 38018792
[  430.756233] , ext4, 1572370054221503, 38018800
[  430.756234] , ext4, 1572370054221503, 38018808
[  430.756235] , ext4, 1572370054222486, 38018816
[  430.756237] , ext4, 1572370058044927, 63713536
[  430.756238] , ext4, 1572370058045296, 8771176
[  430.756239] , ext4, 1572370058045301, 8771184
[  430.756240] , ext4, 1572370058045303, 8771192
[  430.756241] , ext4, 1572370058045332, 8771296
[  430.756242] , ext4, 1572370058045334, 8771304
[  430.756242] , ext4, 1572370058045335, 8771312
[  430.756243] , ext4, 1572370058045349, 8771152
[  430.756245] , ext4, 1572370058045352, 8771160
[  430.756246] , ext4, 1572370058045353, 8771168
[  430.756247] , ext4, 1572370058045360, 8771088
[  430.756248] , ext4, 1572370058045362, 8771096
[  430.756249] , ext4, 1572370058045362, 8771104
[  430.756250] , ext4, 1572370058045370, 8771128
[  430.756251] , ext4, 1572370058045371, 8771136
[  430.756252] , ext4, 1572370058045373, 8771144
[  430.756254] , ext4, 1572370058045410, 38018824
[  430.756255] , ext4, 1572370058045411, 38018832
[  430.756256] , ext4, 1572370058045411, 38018848
[  430.756256] , ext4, 1572370058045411, 38018840
[  430.756257] , ext4, 1572370058045412, 38018856
[  430.756258] , ext4, 1572370058045412, 38018864
[  430.756260] , ext4, 1572370058045412, 38018872
[  430.756261] , ext4, 1572370058045413, 38018880
[  430.756289] , ext4, 1572370058045414, 38018896
[  430.756290] , ext4, 1572370058045414, 38018888
[  430.756291] , ext4, 1572370058045415, 38018912
[  430.756292] , ext4, 1572370058045415, 38018904
[  430.756293] , ext4, 1572370058045415, 38018920
[  430.756294] , ext4, 1572370058045416, 38018928
[  430.756295] , ext4, 1572370058045416, 38018936
[  430.756296] , ext4, 1572370058045416, 38018944
[  430.756297] , ext4, 1572370058045417, 38018952
[  430.756298] , ext4, 1572370058045647, 38018960
[  430.756299] , ext4, 1572370058046840, 4620936
[  430.756299] , ext4, 1572370058046847, 4621072
[  430.756300] , ext4, 1572370058047127, 38018968
[  430.756301] , ext4, 1572370058047130, 38018976
[  430.756302] , ext4, 1572370058047337, 38018984
[  430.756303] , ext4, 1572370061164429, 67394520
[  430.756304] , ext4, 1572370062267703, 67412048
[  430.756305] , ext4, 1572370062268076, 8820216
[  430.756306] , ext4, 1572370062268081, 8820224
[  430.756307] , ext4, 1572370062268083, 8820232
[  430.756308] , ext4, 1572370062268160, 12386144
[  430.756309] , ext4, 1572370062268164, 12386152
[  430.756309] , ext4, 1572370062268166, 12386160
[  430.756310] , ext4, 1572370062268210, 8937984
[  430.756311] , ext4, 1572370062268213, 8937992
[  430.756312] , ext4, 1572370062268214, 8938000
[  430.756313] , ext4, 1572370062268229, 8786464
[  430.756314] , ext4, 1572370062268231, 8786472
[  430.756315] , ext4, 1572370062268232, 8786480
[  430.756316] , ext4, 1572370062268257, 8768472
[  430.756317] , ext4, 1572370062268325, 8666456
[  430.756318] , ext4, 1572370062268380, 38018992
[  430.756319] , ext4, 1572370062268381, 38019000
[  430.756319] , ext4, 1572370062268382, 38019016
[  430.756320] , ext4, 1572370062268382, 38019024
[  430.756321] , ext4, 1572370062268382, 38019008
[  430.756322] , ext4, 1572370062268383, 38019032
[  430.756323] , ext4, 1572370062268383, 38019048
[  430.756326] , ext4, 1572370062268383, 38019040
[  430.756327] , ext4, 1572370062268384, 38019064
[  430.756328] , ext4, 1572370062268384, 38019072
[  430.756329] , ext4, 1572370062268384, 38019056
[  430.756330] , ext4, 1572370062268385, 38019096
[  430.756330] , ext4, 1572370062268385, 38019088
[  430.756331] , ext4, 1572370062268385, 38019080
[  430.756332] , ext4, 1572370062268386, 38019112
[  430.756333] , ext4, 1572370062268386, 38019104
[  430.756334] , ext4, 1572370062268386, 38019120
[  430.756335] , ext4, 1572370062268387, 38019128
[  430.756336] , ext4, 1572370062268387, 38019136
[  430.756337] , ext4, 1572370062268387, 38019144
[  430.756338] , ext4, 1572370062268387, 38019152
[  430.756339] , ext4, 1572370062268388, 38019160
[  430.756340] , ext4, 1572370062268388, 38019176
[  430.756340] , ext4, 1572370062268388, 38019168
[  430.756341] , ext4, 1572370062268389, 38019192
[  430.756342] , ext4, 1572370062268389, 38019184
[  430.756343] , ext4, 1572370062268390, 38019200
[  430.756344] , ext4, 1572370062268390, 38019208
[  430.756346] , ext4, 1572370062268391, 38019224
[  430.756347] , ext4, 1572370062268391, 38019232
[  430.756348] , ext4, 1572370062268391, 38019216
[  430.756349] , ext4, 1572370062268392, 38019240
[  430.756350] , ext4, 1572370062268813, 38019248
[  430.756351] , ext4, 1572370065878890, 16
[  430.756354] , ext4, 1572370065878896, 4194312
[  430.756355] , ext4, 1572370065878899, 4194392
[  430.756356] , ext4, 1572370065878900, 4194408
[  430.756357] , ext4, 1572370065878901, 4194632
[  430.756358] , ext4, 1572370065878901, 4194640
[  430.756359] , ext4, 1572370065878903, 4194760
[  430.756360] , ext4, 1572370065878904, 4194832
[  430.756360] , ext4, 1572370065878905, 4195208
[  430.756361] , ext4, 1572370065878906, 4195464
[  430.756362] , ext4, 1572370065878910, 4195472
[  430.756363] , ext4, 1572370065878911, 4196184
[  430.756365] , ext4, 1572370065878912, 4196192
[  430.756366] , ext4, 1572370065878913, 4196264
[  430.756367] , ext4, 1572370065878914, 4196280
[  430.756368] , ext4, 1572370065878916, 4196288
[  430.756369] , ext4, 1572370065878917, 4196552
[  430.756370] , ext4, 1572370065878918, 4196560
[  430.756371] , ext4, 1572370065878919, 4196600
[  430.756372] , ext4, 1572370065878920, 8388608
[  430.756374] , ext4, 1572370065878921, 8388616
[  430.756375] , ext4, 1572370065878923, 8399824
[  430.756375] , ext4, 1572370065878925, 8399864
[  430.756376] , ext4, 1572370065879089, 8399872
[  430.756377] , ext4, 1572370065879091, 8399880
[  430.756378] , ext4, 1572370065879092, 8402600
[  430.756379] , ext4, 1572370065879093, 8402608
[  430.756380] , ext4, 1572370065879094, 8402632
[  430.756381] , ext4, 1572370065879094, 8402616
[  430.756382] , ext4, 1572370065879096, 8402640
[  430.756383] , ext4, 1572370065879098, 8402696
[  430.756384] , ext4, 1572370065879099, 8402712
[  430.756384] , ext4, 1572370065879099, 8402704
[  430.756386] , ext4, 1572370065879100, 8402720
[  430.756387] , ext4, 1572370065879101, 8402728
[  430.756388] , ext4, 1572370065879103, 8402736
[  430.756389] , ext4, 1572370065879105, 8402880
[  430.756390] , ext4, 1572370065879107, 8402896
[  430.756391] , ext4, 1572370065879108, 8402904
[  430.756391] , ext4, 1572370065879109, 8404696
[  430.756393] , ext4, 1572370065879111, 8404704
[  430.756394] , ext4, 1572370065879112, 8404712
[  430.756395] , ext4, 1572370065879113, 8404768
[  430.756396] , ext4, 1572370065879115, 8404776
[  430.756397] , ext4, 1572370065879116, 8404784
[  430.756398] , ext4, 1572370065879117, 8404792
[  430.756399] , ext4, 1572370065879118, 8404800
[  430.756400] , ext4, 1572370065879118, 8404824
[  430.756402] , ext4, 1572370065879121, 8404840
[  430.756403] , ext4, 1572370065879122, 8404848
[  430.756404] , ext4, 1572370065879123, 8404872
[  430.756404] , ext4, 1572370065879124, 8454440
[  430.756405] , ext4, 1572370065879154, 8455600
[  430.756406] , ext4, 1572370065879155, 8455608
[  430.756408] , ext4, 1572370065879156, 8455640
[  430.756409] , ext4, 1572370065879157, 8455992
[  430.756410] , ext4, 1572370065879158, 8456224
[  430.756411] , ext4, 1572370065879159, 8457464
[  430.756412] , ext4, 1572370065879599, 8457504
[  430.756413] , ext4, 1572370065879601, 8471656
[  430.756414] , ext4, 1572370065879602, 8471688
[  430.756415] , ext4, 1572370065879602, 8471672
[  430.756416] , ext4, 1572370065879603, 8471696
[  430.756417] , ext4, 1572370065879604, 16777224
[  430.756418] , ext4, 1572370065879605, 16777472
[  430.756419] , ext4, 1572370065879606, 16777512
[  430.756420] , ext4, 1572370065879607, 29360128
[  430.756421] , ext4, 1572370065879607, 16842888
[  430.756422] , ext4, 1572370065879608, 29360264
[  430.756424] , ext4, 1572370065879609, 29366648
[  430.756424] , ext4, 1572370065879610, 37748872
[  430.756425] , ext4, 1572370065879611, 37753888
[  430.756426] , ext4, 1572370065879614, 37760848
[  430.756427] , ext4, 1572370065879616, 37844992
[  430.756428] , ext4, 1572370065879617, 46137352
[  430.756429] , ext4, 1572370065879745, 62914584
[  430.756431] , ext4, 1572370065879747, 67108872
[  430.756432] , ext4, 1572370065879747, 67108992
[  430.756433] , ext4, 1572370065879749, 67112264
[  430.756434] , ext4, 1572370065879750, 67112272
[  430.756434] , ext4, 1572370065879751, 67112288
[  430.756435] , ext4, 1572370065879752, 67112304
[  430.756436] , ext4, 1572370065879752, 67112296
[  430.756438] , ext4, 1572370065879753, 67112312
[  430.756439] , ext4, 1572370065879820, 67112320
[  430.756440] , ext4, 1572370065879824, 67185744
[  430.756441] , ext4, 1572370065879825, 67185880
[  430.756442] , ext4, 1572370065879826, 67185920
[  430.756442] , ext4, 1572370065879827, 67394464
[  430.756443] , ext4, 1572370065879828, 67394736
[  430.756444] , ext4, 1572370065879829, 71306432
[  430.756445] , ext4, 1572370065879830, 71306440
[  430.756446] , ext4, 1572370065879831, 75497472
[  430.756448] , ext4, 1572370065879831, 75497480
[  430.756449] , ext4, 1572370065879833, 75497608
[  430.756450] , ext4, 1572370065879834, 75501640
[  430.756451] , ext4, 1572370065879835, 75502944
[  430.756452] , ext4, 1572370065879836, 75502952
[  430.756453] , ext4, 1572370065879837, 75581744
[  430.756453] , ext4, 1572370065880079, 67394544
[  430.756454] , ext4, 1572370065880096, 8719408
[  430.756455] , ext4, 1572370065880104, 8752056
[  430.756456] , ext4, 1572370065880109, 8660080
[  430.756458] , ext4, 1572370065880115, 63760984
[  430.756459] , ext4, 1572370065880121, 4813520
[  430.756460] , ext4, 1572370067295232, 12386144
[  430.756461] , ext4, 1572370067295238, 12386152
[  430.756462] , ext4, 1572370067295240, 12386160
[  430.756463] , ext4, 1572370067295279, 8786536
[  430.756464] , ext4, 1572370067295288, 8786296
[  430.756465] , ext4, 1572370067295305, 8760592
[  430.756466] , ext4, 1572370067295306, 8760600
[  430.756467] , ext4, 1572370067295308, 8760608
[  430.756468] , ext4, 1572370067295318, 8786512
[  430.756469] , ext4, 1572370067295319, 8786520
[  430.756470] , ext4, 1572370067295320, 8786528
[  430.756471] , ext4, 1572370067295329, 8760568
[  430.756472] , ext4, 1572370067295330, 8760576
[  430.756473] , ext4, 1572370067295331, 8760584
[  430.756475] , ext4, 1572370067295338, 63713536
[  430.756476] , ext4, 1572370067295343, 8786488
[  430.756477] , ext4, 1572370067295350, 8786496
[  430.756477] , ext4, 1572370067295351, 8786504
[  430.756478] , ext4, 1572370067295392, 38019256
[  430.756479] , ext4, 1572370067295394, 38019272
[  430.756481] , ext4, 1572370067295394, 38019264
[  430.756482] , ext4, 1572370067295395, 38019280
[  430.756483] , ext4, 1572370067295395, 38019288
[  430.756484] , ext4, 1572370067295395, 38019304
[  430.756485] , ext4, 1572370067295395, 38019296
[  430.756485] , ext4, 1572370067295396, 38019312
[  430.756486] , ext4, 1572370067295397, 38019320
[  430.756488] , ext4, 1572370067295397, 38019336
[  430.756489] , ext4, 1572370067295397, 38019328
[  430.756490] , ext4, 1572370067295398, 38019352
[  430.756491] , ext4, 1572370067295398, 38019360
[  430.756492] , ext4, 1572370067295398, 38019344
[  430.756493] , ext4, 1572370067295399, 38019376
[  430.756494] , ext4, 1572370067295399, 38019368
[  430.756495] , ext4, 1572370067295400, 38019384
[  430.756496] , ext4, 1572370067295400, 38019408
[  430.756497] , ext4, 1572370067295400, 38019400
[  430.756498] , ext4, 1572370067295400, 38019392
[  430.756499] , ext4, 1572370067295401, 38019416
[  430.756500] , ext4, 1572370067295401, 38019424
[  430.756501] , ext4, 1572370067295402, 38019432
[  430.756502] , ext4, 1572370067295402, 38019440
[  430.756503] , ext4, 1572370067295402, 38019448
[  430.756504] , ext4, 1572370067295675, 38019456
[  430.756505] , ext4, 1572370067299766, 38019464
[  430.756506] , ext4, 1572370067299772, 38019472
[  430.756507] , ext4, 1572370067299773, 38019488
[  430.756508] , ext4, 1572370067299773, 38019480
[  430.756510] , ext4, 1572370067299962, 38019496
[  430.756510] , ext4, 1572370067301896, 4620936
[  430.756511] , ext4, 1572370067301907, 4621072
[  430.756512] , ext4, 1572370067302185, 38019504
[  430.756513] , ext4, 1572370067302188, 38019512
[  430.756514] , ext4, 1572370067302333, 38019520
[  430.756516] , ext4, 1572370067648985, 63712376
[  430.756517] , ext4, 1572370067649060, 63763424
[  430.756518] , ext4, 1572370067649111, 63765472
[  430.756518] , ext4, 1572370067651584, 8760592
[  430.756519] , ext4, 1572370067651589, 8760600
[  430.756520] , ext4, 1572370067651591, 8760608
[  430.756521] , ext4, 1572370067651620, 38019528
[  430.756522] , ext4, 1572370067651621, 38019536
[  430.756523] , ext4, 1572370067651621, 38019552
[  430.756524] , ext4, 1572370067651621, 38019544
[  430.756526] , ext4, 1572370067651621, 38019560
[  430.756527] , ext4, 1572370067651622, 38019568
[  430.756528] , ext4, 1572370067651622, 38019576
[  430.756529] , ext4, 1572370067651622, 38019584
[  430.756530] , ext4, 1572370067651623, 38019608
[  430.756531] , ext4, 1572370067651623, 38019600
[  430.756531] , ext4, 1572370067651623, 38019592
[  430.756532] , ext4, 1572370067651624, 38019624
[  430.756533] , ext4, 1572370067651624, 38019616
[  430.756534] , ext4, 1572370067651624, 38019632
[  430.756535] , ext4, 1572370067651625, 38019648
[  430.756536] , ext4, 1572370067651625, 38019640
[  430.756537] , ext4, 1572370067651626, 38019656
[  430.756539] , ext4, 1572370067651626, 38019664
[  430.756540] , ext4, 1572370067658444, 38019672
[  430.756541] , ext4, 1572370067660700, 1492920
[  430.756542] , ext4, 1572370067660713, 1493048
[  430.756542] , ext4, 1572370067660718, 1493944
[  430.756543] , ext4, 1572370067660739, 1494072
[  430.756544] , ext4, 1572370067661448, 38019680
[  430.756546] , ext4, 1572370067661452, 38019688
[  430.756547] , ext4, 1572370067661453, 38019696
[  430.756548] , ext4, 1572370067661712, 38019704
[  430.756549] , ext4, 1572370067735497, 33202576
[  430.756550] , ext4, 1572370067735792, 38019712
[  430.756550] , ext4, 1572370067735797, 38019720
[  430.756551] , ext4, 1572370067735798, 38019736
[  430.756553] , ext4, 1572370067735798, 38019744
[  430.756554] , ext4, 1572370067735798, 38019752
[  430.756555] , ext4, 1572370067735798, 38019728
[  430.756556] , ext4, 1572370067735799, 38019768
[  430.756557] , ext4, 1572370067735799, 38019760
[  430.756558] , ext4, 1572370067736033, 38019776
[  430.756559] , ext4, 1572370068441394, 63713536
[  430.756560] , ext4, 1572370068441881, 8767096
[  430.756562] , ext4, 1572370068441925, 8767104
[  430.756562] , ext4, 1572370068441927, 8767112
[  430.756563] , ext4, 1572370068441954, 8767016
[  430.756564] , ext4, 1572370068441956, 8767024
[  430.756565] , ext4, 1572370068441958, 8767032
[  430.756566] , ext4, 1572370068441990, 8786672
[  430.756567] , ext4, 1572370068441993, 8786680
[  430.756568] , ext4, 1572370068442007, 8766976
[  430.756569] , ext4, 1572370068442010, 8766984
[  430.756570] , ext4, 1572370068442012, 8766992
[  430.756571] , ext4, 1572370068442028, 8761248
[  430.756572] , ext4, 1572370068442030, 8761256
[  430.756573] , ext4, 1572370068442031, 8761264
[  430.756574] , ext4, 1572370068442046, 8786648
[  430.756576] , ext4, 1572370068442048, 8786656
[  430.756577] , ext4, 1572370068442050, 8786664
[  430.756578] , ext4, 1572370068442071, 8766936
[  430.756578] , ext4, 1572370068442073, 8766944
[  430.756579] , ext4, 1572370068442074, 8766952
[  430.756580] , ext4, 1572370068442161, 8766848
[  430.756582] , ext4, 1572370068442163, 8766856
[  430.756583] , ext4, 1572370068442165, 8766864
[  430.756584] , ext4, 1572370068442223, 8761320
[  430.756585] , ext4, 1572370068442225, 8761328
[  430.756586] , ext4, 1572370068442227, 8761336
[  430.756587] , ext4, 1572370068442247, 12382760
[  430.756588] , ext4, 1572370068442249, 12382768
[  430.756589] , ext4, 1572370068442250, 12382776
[  430.756591] , ext4, 1572370068442251, 12382784
[  430.756591] , ext4, 1572370068442269, 12381152
[  430.756592] , ext4, 1572370068442270, 12381160
[  430.756593] , ext4, 1572370068442271, 12381168
[  430.756594] , ext4, 1572370068442285, 12379584
[  430.756595] , ext4, 1572370068442287, 12379592
[  430.756596] , ext4, 1572370068442288, 12379600
[  430.756598] , ext4, 1572370068442303, 8786560
[  430.756599] , ext4, 1572370068442304, 8786568
[  430.756600] , ext4, 1572370068442306, 8786576
[  430.756600] , ext4, 1572370068442320, 8787792
[  430.756601] , ext4, 1572370068442322, 8787800
[  430.756602] , ext4, 1572370068442338, 12379168
[  430.756603] , ext4, 1572370068442340, 12379176
[  430.756605] , ext4, 1572370068442341, 12379184
[  430.756606] , ext4, 1572370068442342, 12379192
[  430.756607] , ext4, 1572370068442359, 8791904
[  430.756608] , ext4, 1572370068442361, 8791912
[  430.756608] , ext4, 1572370068442363, 8791920
[  430.756609] , ext4, 1572370068442365, 8791928
[  430.756610] , ext4, 1572370068442379, 8786592
[  430.756611] , ext4, 1572370068442381, 8786600
[  430.756613] , ext4, 1572370068442381, 8786608
[  430.756614] , ext4, 1572370068442383, 8786616
[  430.756615] , ext4, 1572370068442406, 8760800
[  430.756616] , ext4, 1572370068442408, 8760808
[  430.756617] , ext4, 1572370068442409, 8760816
[  430.756618] , ext4, 1572370068442424, 8760592
[  430.756618] , ext4, 1572370068442426, 8760600
[  430.756620] , ext4, 1572370068442428, 8760608
[  430.756621] , ext4, 1572370068442510, 38019784
[  430.756622] , ext4, 1572370068442512, 38019792
[  430.756623] , ext4, 1572370068442513, 38019800
[  430.756624] , ext4, 1572370068442513, 38019808
[  430.756625] , ext4, 1572370068442514, 38019816
[  430.756626] , ext4, 1572370068442515, 38019824
[  430.756627] , ext4, 1572370068442516, 38019840
[  430.756628] , ext4, 1572370068442516, 38019848
[  430.756629] , ext4, 1572370068442516, 38019832
[  430.756630] , ext4, 1572370068442517, 38019856
[  430.756631] , ext4, 1572370068442517, 38019864
[  430.756632] , ext4, 1572370068442518, 38019880
[  430.756633] , ext4, 1572370068442518, 38019872
[  430.756635] , ext4, 1572370068442519, 38019888
[  430.756636] , ext4, 1572370068442520, 38019904
[  430.756636] , ext4, 1572370068442520, 38019896
[  430.756637] , ext4, 1572370068442521, 38019928
[  430.756638] , ext4, 1572370068442521, 38019920
[  430.756639] , ext4, 1572370068442521, 38019912
[  430.756640] , ext4, 1572370068442522, 38019944
[  430.756642] , ext4, 1572370068442522, 38019936
[  430.756643] , ext4, 1572370068442919, 38019952
[  430.756643] , ext4, 1572370068444846, 4620936
[  430.756644] , ext4, 1572370068444854, 4621072
[  430.756645] , ext4, 1572370068445143, 38019960
[  430.756646] , ext4, 1572370068445146, 38019968
[  430.756647] , ext4, 1572370068445325, 38019976
[  430.756649] , ext4, 1572370068577256, 63772544
[  430.756650] , ext4, 1572370068578050, 8767144
[  430.756651] , ext4, 1572370068578054, 8767152
[  430.756652] , ext4, 1572370068578056, 8767160
[  430.756653] , ext4, 1572370068578083, 8764080
[  430.756654] , ext4, 1572370068578084, 8764088
[  430.756654] , ext4, 1572370068578085, 8764096
[  430.756656] , ext4, 1572370068578096, 8767192
[  430.756657] , ext4, 1572370068578097, 8767200
[  430.756658] , ext4, 1572370068578098, 8767208
[  430.756659] , ext4, 1572370068578110, 8767168
[  430.756660] , ext4, 1572370068578112, 8767176
[  430.756661] , ext4, 1572370068578113, 8767184
[  430.756662] , ext4, 1572370068578121, 8780136
[  430.756663] , ext4, 1572370068578122, 8780144
[  430.756664] , ext4, 1572370068578124, 8780152
[  430.756665] , ext4, 1572370068578132, 8763816
[  430.756666] , ext4, 1572370068578134, 8763824
[  430.756667] , ext4, 1572370068578135, 8763832
[  430.756668] , ext4, 1572370068578144, 8760664
[  430.756669] , ext4, 1572370068578145, 8760672
[  430.756670] , ext4, 1572370068578146, 8760680
[  430.756672] , ext4, 1572370068578160, 8789000
[  430.756673] , ext4, 1572370068578161, 8789008
[  430.756673] , ext4, 1572370068578162, 8789016
[  430.756674] , ext4, 1572370068578193, 38019984
[  430.756675] , ext4, 1572370068578195, 38019992
[  430.756676] , ext4, 1572370068578195, 38020008
[  430.756678] , ext4, 1572370068578195, 38020000
[  430.756679] , ext4, 1572370068578196, 38020024
[  430.756680] , ext4, 1572370068578196, 38020016
[  430.756681] , ext4, 1572370068578197, 38020032
[  430.756682] , ext4, 1572370068578198, 38020048
[  430.756683] , ext4, 1572370068578198, 38020040
[  430.756683] , ext4, 1572370068578199, 38020072
[  430.756684] , ext4, 1572370068578199, 38020056
[  430.756685] , ext4, 1572370068578199, 38020080
[  430.756687] , ext4, 1572370068578199, 38020064
[  430.756688] , ext4, 1572370068578200, 38020088
[  430.756689] , ext4, 1572370068578382, 38020096
[  430.756690] , ext4, 1572370068600104, 4825272
[  430.756690] , ext4, 1572370068610908, 67412072
[  430.756691] , ext4, 1572370068611153, 38020104
[  430.756692] , ext4, 1572370068611157, 38020112
[  430.756694] , ext4, 1572370068611158, 38020120
[  430.756695] , ext4, 1572370068611159, 38020136
[  430.756696] , ext4, 1572370068611159, 38020128
[  430.756696] , ext4, 1572370068611160, 38020152
[  430.756697] , ext4, 1572370068611160, 38020144
[  430.756698] , ext4, 1572370068611160, 38020168
[  430.756700] , ext4, 1572370068611160, 38020176
[  430.756701] , ext4, 1572370068611160, 38020160
[  430.756702] , ext4, 1572370068611161, 38020184
[  430.756703] , ext4, 1572370068611162, 38020200
[  430.756704] , ext4, 1572370068611162, 38020192
[  430.756705] , ext4, 1572370068611163, 38020208
[  430.756706] , ext4, 1572370068611164, 38020216
[  430.756707] , ext4, 1572370068611164, 38020224
[  430.756708] , ext4, 1572370068611165, 38020248
[  430.756709] , ext4, 1572370068611165, 38020232
[  430.756710] , ext4, 1572370068611165, 38020240
[  430.756711] , ext4, 1572370068611166, 38020264
[  430.756712] , ext4, 1572370068611166, 38020272
[  430.756713] , ext4, 1572370068611166, 38020256
[  430.756714] , ext4, 1572370068618523, 38020280
[  430.756715] , ext4, 1572370068622401, 67412080
[  430.756716] , ext4, 1572370068622707, 38020288
[  430.756717] , ext4, 1572370068622710, 38020296
[  430.756718] , ext4, 1572370068622711, 38020304
[  430.756719] , ext4, 1572370068622711, 38020312
[  430.756720] , ext4, 1572370068622712, 38020320
[  430.756721] , ext4, 1572370068622712, 38020328
[  430.756749] , ext4, 1572370068622713, 38020352
[  430.756750] , ext4, 1572370068622713, 38020336
[  430.756751] , ext4, 1572370068622713, 38020344
[  430.756752] , ext4, 1572370068622714, 38020376
[  430.756753] , ext4, 1572370068622714, 38020368
[  430.756754] , ext4, 1572370068622714, 38020360
[  430.756755] , ext4, 1572370068622715, 38020384
[  430.756756] , ext4, 1572370068622715, 38020408
[  430.756757] , ext4, 1572370068622715, 38020392
[  430.756758] , ext4, 1572370068622715, 38020400
[  430.756759] , ext4, 1572370068622716, 38020416
[  430.756760] , ext4, 1572370068630976, 38020424
[  430.756761] , ext4, 1572370068635320, 67412088
[  430.756762] , ext4, 1572370068635800, 38020432
[  430.756763] , ext4, 1572370068635805, 38020440
[  430.756764] , ext4, 1572370068635807, 38020456
[  430.756765] , ext4, 1572370068635807, 38020448
[  430.756766] , ext4, 1572370068635808, 38020480
[  430.756767] , ext4, 1572370068635808, 38020464
[  430.756768] , ext4, 1572370068635808, 38020472
[  430.756769] , ext4, 1572370068635809, 38020488
[  430.756770] , ext4, 1572370068635809, 38020496
[  430.756771] , ext4, 1572370068635810, 38020504
[  430.756772] , ext4, 1572370068635810, 38020512
[  430.756773] , ext4, 1572370068635811, 38020520
[  430.756774] , ext4, 1572370068635812, 38020528
[  430.756775] , ext4, 1572370068635812, 38020536
[  430.756776] , ext4, 1572370068635813, 38020544
[  430.756777] , ext4, 1572370068635813, 38020552
[  430.756778] , ext4, 1572370068635813, 38020568
[  430.756778] , ext4, 1572370068635813, 38020560
[  430.756780] , ext4, 1572370068636050, 38020576
[  430.756781] , ext4, 1572370068638546, 67412096
[  430.756782] , ext4, 1572370068638829, 38020584
[  430.756783] , ext4, 1572370068638832, 38020592
[  430.756784] , ext4, 1572370068638833, 38020616
[  430.756785] , ext4, 1572370068638833, 38020600
[  430.756785] , ext4, 1572370068638833, 38020608
[  430.756786] , ext4, 1572370068638834, 38020632
[  430.756787] , ext4, 1572370068638834, 38020640
[  430.756789] , ext4, 1572370068638834, 38020624
[  430.756790] , ext4, 1572370068638835, 38020656
[  430.756791] , ext4, 1572370068638835, 38020648
[  430.756792] , ext4, 1572370068638836, 38020664
[  430.756792] , ext4, 1572370068638836, 38020672
[  430.756793] , ext4, 1572370068638837, 38020680
[  430.756794] , ext4, 1572370068638837, 38020704
[  430.756795] , ext4, 1572370068638837, 38020696
[  430.756797] , ext4, 1572370068638837, 38020688
[  430.756798] , ext4, 1572370068638838, 38020720
[  430.756799] , ext4, 1572370068638838, 38020712
[  430.756800] , ext4, 1572370068638838, 38020728
[  430.756800] , ext4, 1572370068638839, 38020736
[  430.756801] , ext4, 1572370068638839, 38020744
[  430.756802] , ext4, 1572370068639046, 38020752
[  430.756804] , ext4, 1572370068641252, 67412104
[  430.756805] , ext4, 1572370068641500, 38020760
[  430.756806] , ext4, 1572370068641503, 38020768
[  430.756807] , ext4, 1572370068641504, 38020776
[  430.756808] , ext4, 1572370068641505, 38020792
[  430.756809] , ext4, 1572370068641505, 38020800
[  430.756810] , ext4, 1572370068641505, 38020784
[  430.756811] , ext4, 1572370068641506, 38020808
[  430.756812] , ext4, 1572370068641506, 38020824
[  430.756813] , ext4, 1572370068641506, 38020816
[  430.756814] , ext4, 1572370068641507, 38020832
[  430.756815] , ext4, 1572370068641507, 38020840
[  430.756816] , ext4, 1572370068641508, 38020848
[  430.756817] , ext4, 1572370068641508, 38020856
[  430.756818] , ext4, 1572370068641509, 38020880
[  430.756819] , ext4, 1572370068641509, 38020872
[  430.756820] , ext4, 1572370068641509, 38020864
[  430.756821] , ext4, 1572370068641510, 38020888
[  430.756822] , ext4, 1572370068641510, 38020904
[  430.756823] , ext4, 1572370068641510, 38020896
[  430.756824] , ext4, 1572370068641659, 38020912
[  430.756825] , ext4, 1572370068644001, 67412112
[  430.756827] , ext4, 1572370068644356, 38020920
[  430.756827] , ext4, 1572370068644360, 38020928
[  430.756828] , ext4, 1572370068644361, 38020936
[  430.756829] , ext4, 1572370068644361, 38020944
[  430.756830] , ext4, 1572370068644362, 38020952
[  430.756831] , ext4, 1572370068644362, 38020960
[  430.756832] , ext4, 1572370068644363, 38020968
[  430.756834] , ext4, 1572370068644363, 38020984
[  430.756835] , ext4, 1572370068644363, 38020976
[  430.756855] , ext4, 1572370068644364, 38020992
[  430.756856] , ext4, 1572370068644364, 38021000
[  430.756857] , ext4, 1572370068644365, 38021032
[  430.756858] , ext4, 1572370068644365, 38021008
[  430.756859] , ext4, 1572370068644365, 38021016
[  430.756860] , ext4, 1572370068644365, 38021024
[  430.756861] , ext4, 1572370068644366, 38021040
[  430.756862] , ext4, 1572370068644366, 38021048
[  430.756863] , ext4, 1572370068644367, 38021064
[  430.756865] , ext4, 1572370068644367, 38021056
[  430.756865] , ext4, 1572370068644636, 38021072
[  430.756866] , ext4, 1572370068647014, 67412120
[  430.756867] , ext4, 1572370068647281, 38021080
[  430.756868] , ext4, 1572370068647285, 38021088
