
[ 3486.913421] , ext4, 1572369744992937, 42786216
[ 3486.913427] , ext4, 1572369744993329, 38039248
[ 3486.913432] , ext4, 1572369744993333, 38039256
[ 3486.913437] , ext4, 1572369744993537, 38039264
[ 3486.913442] , nilfs2, 1572369744996046, 7832
[ 3486.913447] , ext4, 1572369744996461, 42786456
[ 3486.913452] , ext4, 1572369744996847, 38039272
[ 3486.913457] , ext4, 1572369744996851, 38039280
[ 3486.913459] , ext4, 1572369744997044, 38039288
[ 3486.913460] , nilfs2, 1572369744998549, 8048
[ 3486.913461] , ext4, 1572369744998812, 42786672
[ 3486.913462] , nilfs2, 1572369744999951, 8264
[ 3486.913463] , ext4, 1572369745000340, 42786888
[ 3486.913464] , nilfs2, 1572369745001689, 8360
[ 3486.913465] , ext4, 1572369745002001, 42786984
[ 3486.913466] , ext4, 1572369745002487, 38039296
[ 3486.913468] , ext4, 1572369745002490, 38039304
[ 3486.913469] , ext4, 1572369745002683, 38039312
[ 3486.913470] , nilfs2, 1572369745003956, 8576
[ 3486.913471] , ext4, 1572369745004243, 42787200
[ 3486.913472] , ext4, 1572369745006063, 4196200
[ 3486.913473] , nilfs2, 1572369745021795, 8792
[ 3486.913474] , ext4, 1572369745022229, 38039320
[ 3486.913476] , ext4, 1572369745022270, 42787416
[ 3486.913476] , ext4, 1572369745022308, 38039328
[ 3486.913477] , ext4, 1572369745022711, 38039336
[ 3486.913478] , ext4, 1572369745023999, 38039344
[ 3486.913479] , ext4, 1572369745025409, 4196200
[ 3486.913480] , nilfs2, 1572369745032553, 8896
[ 3486.913481] , ext4, 1572369745032898, 42787520
[ 3486.913483] , ext4, 1572369745033278, 38039352
[ 3486.913484] , ext4, 1572369745033281, 38039360
[ 3486.913484] , ext4, 1572369745033521, 38039368
[ 3486.913485] , nilfs2, 1572369745035707, 9144
[ 3486.913486] , ext4, 1572369745035986, 42787768
[ 3486.913487] , nilfs2, 1572369745037512, 9376
[ 3486.913489] , ext4, 1572369745037775, 42788000
[ 3486.913490] , ext4, 1572369745038105, 38039376
[ 3486.913491] , ext4, 1572369745038107, 38039384
[ 3486.913492] , ext4, 1572369745038265, 38039392
[ 3486.913493] , nilfs2, 1572369745039254, 9608
[ 3486.913494] , ext4, 1572369745039409, 42788232
[ 3486.913495] , nilfs2, 1572369745040366, 9720
[ 3486.913496] , ext4, 1572369745040598, 42788344
[ 3486.913497] , ext4, 1572369745040926, 38039400
[ 3486.913498] , ext4, 1572369745040928, 38039408
[ 3486.913499] , ext4, 1572369745041072, 38039416
[ 3486.913500] , nilfs2, 1572369745042179, 9944
[ 3486.913501] , ext4, 1572369745042377, 42788568
[ 3486.913502] , ext4, 1572369745043256, 4196200
[ 3486.913503] , nilfs2, 1572369745058162, 10168
[ 3486.913505] , ext4, 1572369745058499, 42788792
[ 3486.913506] , ext4, 1572369745058553, 38039424
[ 3486.913507] , ext4, 1572369745058555, 38039432
[ 3486.913509] , ext4, 1572369745058852, 38039440
[ 3486.913510] , ext4, 1572369745060226, 4196200
[ 3486.913511] , nilfs2, 1572369745069204, 10280
[ 3486.913513] , ext4, 1572369745069768, 42788904
[ 3486.913514] , ext4, 1572369745070570, 38039448
[ 3486.913515] , ext4, 1572369745070574, 38039456
[ 3486.913516] , ext4, 1572369745070973, 38039464
[ 3486.913518] , nilfs2, 1572369745073338, 10536
[ 3486.913519] , ext4, 1572369745073657, 42789160
[ 3486.913520] , ext4, 1572369745074081, 38039472
[ 3486.913522] , ext4, 1572369745074083, 38039480
[ 3486.913523] , ext4, 1572369745074268, 38039488
[ 3486.913525] , nilfs2, 1572369745075831, 10768
[ 3486.913526] , ext4, 1572369745076127, 42789392
[ 3486.913527] , nilfs2, 1572369745077386, 10992
[ 3486.913529] , ext4, 1572369745077568, 42789616
[ 3486.913530] , ext4, 1572369745077810, 38039496
[ 3486.913531] , ext4, 1572369745077812, 38039504
[ 3486.913533] , ext4, 1572369745077972, 38039512
[ 3486.913534] , nilfs2, 1572369745079271, 11120
[ 3486.913535] , ext4, 1572369745079475, 42789744
[ 3486.913537] , nilfs2, 1572369745080617, 11352
[ 3486.913538] , ext4, 1572369745080854, 42789976
[ 3486.913540] , ext4, 1572369745081200, 38039520
[ 3486.913541] , ext4, 1572369745081202, 38039528
[ 3486.913543] , ext4, 1572369745081352, 38039536
[ 3486.913545] , ext4, 1572369745082371, 4196200
[ 3486.913546] , nilfs2, 1572369745100599, 11584
[ 3486.913548] , ext4, 1572369745100914, 42790208
[ 3486.913549] , ext4, 1572369745100970, 38039544
[ 3486.913550] , ext4, 1572369745100972, 38039552
[ 3486.913551] , ext4, 1572369745101327, 38039560
[ 3486.913552] , ext4, 1572369745102805, 4196200
[ 3486.913553] , nilfs2, 1572369745106154, 11704
[ 3486.913554] , ext4, 1572369745106388, 42790328
[ 3486.913555] , ext4, 1572369745106733, 38039568
[ 3486.913556] , ext4, 1572369745106735, 38039576
[ 3486.913557] , ext4, 1572369745106893, 38039584
[ 3486.913559] , nilfs2, 1572369745108593, 11952
[ 3486.913560] , ext4, 1572369745108981, 42790576
[ 3486.913561] , ext4, 1572369745109341, 38039592
[ 3486.913562] , ext4, 1572369745109343, 38039600
[ 3486.913563] , ext4, 1572369745109517, 38039608
[ 3486.913564] , nilfs2, 1572369745111047, 12176
[ 3486.913565] , ext4, 1572369745111275, 42790800
[ 3486.913566] , nilfs2, 1572369745114214, 12400
[ 3486.913567] , ext4, 1572369745114431, 42791024
[ 3486.913568] , ext4, 1572369745114920, 38039616
[ 3486.913574] , ext4, 1572369745114922, 38039624
[ 3486.913579] , ext4, 1572369745115103, 38039632
[ 3486.913584] , nilfs2, 1572369745116926, 12560
[ 3486.913589] , ext4, 1572369745117250, 42791184
[ 3486.913595] , ext4, 1572369745117667, 38039640
[ 3486.913600] , ext4, 1572369745117669, 38039648
[ 3486.913605] , ext4, 1572369745118046, 38039656
[ 3486.913611] , nilfs2, 1572369745119270, 12784
[ 3486.913617] , ext4, 1572369745119502, 42791408
[ 3486.913623] , ext4, 1572369745122454, 4196200
[ 3486.913629] , nilfs2, 1572369745138110, 13016
[ 3486.913635] , ext4, 1572369745138502, 42791640
[ 3486.913641] , ext4, 1572369745138554, 38039664
[ 3486.913646] , ext4, 1572369745138555, 38039672
[ 3486.913652] , ext4, 1572369745138776, 38039680
[ 3486.913657] , ext4, 1572369745140135, 4196200
[ 3486.913662] , nilfs2, 1572369745143277, 13136
[ 3486.913667] , ext4, 1572369745143485, 42791760
[ 3486.913673] , ext4, 1572369745143797, 38039688
[ 3486.913677] , ext4, 1572369745143799, 38039696
[ 3486.913683] , ext4, 1572369745143929, 38039704
[ 3486.913689] , nilfs2, 1572369745145057, 13384
[ 3486.913694] , ext4, 1572369745145237, 42792008
[ 3486.913700] , ext4, 1572369745145428, 38039712
[ 3486.913706] , ext4, 1572369745145429, 38039720
[ 3486.913711] , ext4, 1572369745145531, 38039728
[ 3486.913717] , nilfs2, 1572369745146591, 13608
[ 3486.913724] , ext4, 1572369745146815, 42792232
[ 3486.913729] , nilfs2, 1572369745147742, 13832
[ 3486.913734] , ext4, 1572369745147914, 42792456
[ 3486.913740] , nilfs2, 1572369745148891, 14056
[ 3486.913741] , ext4, 1572369745149062, 42792680
[ 3486.913742] , ext4, 1572369745149238, 38039736
[ 3486.913743] , ext4, 1572369745149241, 38039744
[ 3486.913744] , ext4, 1572369745149396, 38039752
[ 3486.913745] , nilfs2, 1572369745150487, 14280
[ 3486.913745] , ext4, 1572369745150672, 42792904
[ 3486.913746] , ext4, 1572369745152528, 4196200
[ 3486.913748] , nilfs2, 1572369745170037, 14504
[ 3486.913749] , ext4, 1572369745170534, 42793128
[ 3486.913750] , ext4, 1572369745170807, 38039760
[ 3486.913751] , ext4, 1572369745170811, 38039768
[ 3486.913752] , ext4, 1572369745171009, 38039776
[ 3486.913753] , ext4, 1572369745173401, 4196200
[ 3486.913754] , nilfs2, 1572369745176745, 14616
[ 3486.913755] , ext4, 1572369745176988, 42793240
[ 3486.913756] , ext4, 1572369745177338, 38039784
[ 3486.913757] , ext4, 1572369745177340, 38039792
[ 3486.913758] , ext4, 1572369745177469, 38039800
[ 3486.913759] , nilfs2, 1572369745178595, 15000
[ 3486.913760] , ext4, 1572369745178794, 42793624
[ 3486.913761] , nilfs2, 1572369745181192, 15360
[ 3486.913763] , ext4, 1572369745181409, 42793984
[ 3486.913764] , ext4, 1572369745181703, 38039808
[ 3486.913765] , ext4, 1572369745181705, 38039816
[ 3486.913765] , ext4, 1572369745181830, 38039824
[ 3486.913766] , nilfs2, 1572369745182995, 15712
[ 3486.913767] , ext4, 1572369745183203, 42794336
[ 3486.913768] , nilfs2, 1572369745184738, 15816
[ 3486.913770] , ext4, 1572369745185069, 42794440
[ 3486.913771] , ext4, 1572369745185396, 38039832
[ 3486.913772] , ext4, 1572369745185398, 38039840
[ 3486.913773] , ext4, 1572369745185667, 38039848
[ 3486.913774] , nilfs2, 1572369745189033, 16168
[ 3486.913775] , nilfs2, 1572369745189119, 16384
[ 3486.913776] , ext4, 1572369745189290, 42794792
[ 3486.913777] , ext4, 1572369745189617, 38039856
[ 3486.913778] , ext4, 1572369745189619, 38039864
[ 3486.913779] , ext4, 1572369745189752, 38039872
[ 3486.913780] , ext4, 1572369745191074, 4196200
[ 3486.913781] , nilfs2, 1572369745204689, 16536
[ 3486.913782] , nilfs2, 1572369745204951, 399992
[ 3486.913783] , ext4, 1572369745205010, 42795160
[ 3486.913784] , ext4, 1572369745205276, 38039880
[ 3486.913786] , ext4, 1572369745205278, 38039888
[ 3486.913787] , ext4, 1572369745205497, 38039896
[ 3486.913788] , ext4, 1572369745206470, 43786120
[ 3486.913788] , ext4, 1572369745207385, 38039904
[ 3486.913789] , ext4, 1572369745208062, 4196200
[ 3486.913790] , nilfs2, 1572369745211054, 16656
[ 3486.913791] , ext4, 1572369745211284, 42795280
[ 3486.913793] , ext4, 1572369745211590, 38039912
[ 3486.913794] , ext4, 1572369745211592, 38039920
[ 3486.913794] , ext4, 1572369745211745, 38039928
[ 3486.913795] , nilfs2, 1572369745212873, 17032
[ 3486.913796] , ext4, 1572369745213081, 42795656
[ 3486.913797] , ext4, 1572369745213365, 38039936
[ 3486.913798] , ext4, 1572369745213367, 38039944
[ 3486.913800] , ext4, 1572369745213470, 38039952
[ 3486.913801] , nilfs2, 1572369745214556, 17384
[ 3486.913802] , ext4, 1572369745214794, 42796008
[ 3486.913803] , nilfs2, 1572369745215774, 17744
[ 3486.913804] , ext4, 1572369745215937, 42796368
[ 3486.913805] , nilfs2, 1572369745216869, 17864
[ 3486.913806] , ext4, 1572369745217136, 42796488
[ 3486.913808] , ext4, 1572369745217449, 38039960
[ 3486.913809] , ext4, 1572369745217450, 38039968
[ 3486.913810] , ext4, 1572369745217639, 38039976
[ 3486.913811] , nilfs2, 1572369745218702, 18224
[ 3486.913811] , ext4, 1572369745218918, 42796848
[ 3486.913812] , ext4, 1572369745219789, 4196200
[ 3486.913813] , nilfs2, 1572369745236339, 18576
[ 3486.913815] , ext4, 1572369745236608, 42797200
[ 3486.913816] , ext4, 1572369745236661, 38039984
[ 3486.913817] , ext4, 1572369745236663, 38039992
[ 3486.913818] , ext4, 1572369745236795, 38040000
[ 3486.913819] , ext4, 1572369745238002, 4196200
[ 3486.913820] , nilfs2, 1572369745240713, 18696
[ 3486.913820] , ext4, 1572369745240936, 42797320
[ 3486.913821] , ext4, 1572369745241234, 38040008
[ 3486.913823] , ext4, 1572369745241236, 38040016
[ 3486.913824] , ext4, 1572369745241358, 38040024
[ 3486.913851] , nilfs2, 1572369745242449, 19080
[ 3486.913855] , ext4, 1572369745242707, 42797704
[ 3486.913859] , nilfs2, 1572369745243793, 19440
[ 3486.913865] , ext4, 1572369745244008, 42798064
[ 3486.913870] , nilfs2, 1572369745245077, 19800
[ 3486.913876] , ext4, 1572369745245242, 42798424
[ 3486.913881] , ext4, 1572369745245385, 38040032
[ 3486.913887] , ext4, 1572369745245386, 38040040
[ 3486.913891] , ext4, 1572369745245497, 38040048
[ 3486.913897] , nilfs2, 1572369745246506, 19928
[ 3486.913902] , ext4, 1572369745246702, 42798552
[ 3486.913907] , nilfs2, 1572369745247616, 20280
[ 3486.913913] , ext4, 1572369745247811, 42798904
[ 3486.913918] , ext4, 1572369745248707, 4196200
[ 3486.913923] , nilfs2, 1572369745263369, 20632
[ 3486.913928] , ext4, 1572369745264713, 42799256
[ 3486.913934] , ext4, 1572369745264772, 38040056
[ 3486.913940] , ext4, 1572369745264775, 38040064
[ 3486.913945] , ext4, 1572369745264890, 38040072
[ 3486.913951] , ext4, 1572369745266954, 4196200
[ 3486.913956] , nilfs2, 1572369745272996, 20744
[ 3486.913962] , ext4, 1572369745273700, 42799368
[ 3486.913968] , ext4, 1572369745275512, 38040080
[ 3486.913973] , ext4, 1572369745275516, 38040088
[ 3486.913979] , ext4, 1572369745275702, 38040096
[ 3486.913984] , nilfs2, 1572369745277483, 21128
[ 3486.913989] , ext4, 1572369745277781, 42799752
[ 3486.913994] , ext4, 1572369745278172, 38040104
[ 3486.914000] , ext4, 1572369745278174, 38040112
[ 3486.914004] , ext4, 1572369745278339, 38040120
[ 3486.914010] , nilfs2, 1572369745279794, 21488
[ 3486.914015] , ext4, 1572369745280084, 42800112
[ 3486.914017] , nilfs2, 1572369745281242, 21840
[ 3486.914018] , ext4, 1572369745281409, 42800464
[ 3486.914019] , ext4, 1572369745281579, 38040128
[ 3486.914020] , ext4, 1572369745281582, 38040136
[ 3486.914021] , ext4, 1572369745281688, 38040144
[ 3486.914022] , nilfs2, 1572369745282820, 22000
[ 3486.914023] , ext4, 1572369745283028, 42800624
[ 3486.914024] , nilfs2, 1572369745284071, 22360
[ 3486.914025] , ext4, 1572369745284405, 42800984
[ 3486.914026] , ext4, 1572369745284861, 38040152
[ 3486.914027] , ext4, 1572369745284865, 38040160
[ 3486.914028] , ext4, 1572369745285029, 38040168
[ 3486.914029] , ext4, 1572369745286559, 4196200
[ 3486.914030] , nilfs2, 1572369745301485, 22720
[ 3486.914031] , ext4, 1572369745301783, 38040176
[ 3486.914032] , ext4, 1572369745301788, 38040184
[ 3486.914033] , ext4, 1572369745301800, 42801344
[ 3486.914034] , ext4, 1572369745301981, 38040192
[ 3486.914035] , ext4, 1572369745303496, 38040200
[ 3486.914036] , ext4, 1572369745304454, 4196200
[ 3486.914038] , nilfs2, 1572369745307539, 22832
[ 3486.914039] , ext4, 1572369745307801, 42801456
[ 3486.914040] , ext4, 1572369745308219, 38040208
[ 3486.914041] , ext4, 1572369745308222, 38040216
[ 3486.914042] , ext4, 1572369745308346, 38040224
[ 3486.914043] , nilfs2, 1572369745309402, 23208
[ 3486.914044] , ext4, 1572369745309644, 42801832
[ 3486.914045] , ext4, 1572369745310006, 38040232
[ 3486.914046] , ext4, 1572369745310008, 38040240
[ 3486.914047] , ext4, 1572369745310153, 38040248
[ 3486.914048] , nilfs2, 1572369745311503, 23560
[ 3486.914049] , ext4, 1572369745311706, 42802184
[ 3486.914050] , nilfs2, 1572369745312865, 23920
[ 3486.914051] , ext4, 1572369745313087, 42802544
[ 3486.914052] , ext4, 1572369745313316, 38040256
[ 3486.914053] , ext4, 1572369745313319, 38040264
[ 3486.914054] , ext4, 1572369745313452, 38040272
[ 3486.914055] , nilfs2, 1572369745314552, 24152
[ 3486.914056] , ext4, 1572369745314756, 42802776
[ 3486.914057] , nilfs2, 1572369745315758, 24504
[ 3486.914058] , ext4, 1572369745315943, 42803128
[ 3486.914059] , ext4, 1572369745316909, 4196200
[ 3486.914060] , nilfs2, 1572369745330583, 24856
[ 3486.914061] , ext4, 1572369745330922, 38040280
[ 3486.914062] , ext4, 1572369745330927, 38040288
[ 3486.914063] , ext4, 1572369745330967, 42803480
[ 3486.914064] , ext4, 1572369745331127, 38040296
[ 3486.914065] , ext4, 1572369745333664, 38040304
[ 3486.914067] , ext4, 1572369745334794, 4196200
[ 3486.914068] , nilfs2, 1572369745338211, 24968
[ 3486.914069] , ext4, 1572369745338491, 42803592
[ 3486.914069] , ext4, 1572369745338921, 38040312
[ 3486.914070] , ext4, 1572369745338923, 38040320
[ 3486.914071] , ext4, 1572369745339091, 38040328
[ 3486.914073] , nilfs2, 1572369745340437, 25352
[ 3486.914074] , ext4, 1572369745340693, 42803976
[ 3486.914075] , ext4, 1572369745341043, 38040336
[ 3486.914076] , ext4, 1572369745341045, 38040344
[ 3486.914077] , ext4, 1572369745341187, 38040352
[ 3486.914078] , nilfs2, 1572369745342366, 25712
[ 3486.914079] , ext4, 1572369745342597, 42804336
[ 3486.914080] , nilfs2, 1572369745343857, 26064
[ 3486.914081] , ext4, 1572369745344103, 42804688
[ 3486.914082] , nilfs2, 1572369745345173, 26416
[ 3486.914083] , ext4, 1572369745345376, 42805040
[ 3486.914084] , ext4, 1572369745345629, 38040360
[ 3486.914085] , ext4, 1572369745345631, 38040368
[ 3486.914086] , ext4, 1572369745345748, 38040376
[ 3486.914087] , nilfs2, 1572369745346866, 26776
[ 3486.914088] , ext4, 1572369745347079, 42805400
[ 3486.914090] , ext4, 1572369745348021, 4196200
[ 3486.914091] , nilfs2, 1572369745364147, 27136
[ 3486.914092] , ext4, 1572369745364458, 38040384
[ 3486.914093] , ext4, 1572369745364464, 38040392
[ 3486.914094] , ext4, 1572369745364482, 42805760
[ 3486.914094] , ext4, 1572369745364675, 38040400
[ 3486.914096] , ext4, 1572369745366369, 38040408
[ 3486.914097] , ext4, 1572369745370721, 4196200
[ 3486.914098] , nilfs2, 1572369745375084, 27248
[ 3486.914099] , ext4, 1572369745375405, 42805872
[ 3486.914100] , ext4, 1572369745375960, 38040416
[ 3486.914101] , ext4, 1572369745375978, 38040424
[ 3486.914102] , ext4, 1572369745376232, 38040432
[ 3486.914103] , nilfs2, 1572369745377642, 27880
[ 3486.914104] , ext4, 1572369745377944, 42806504
[ 3486.914105] , ext4, 1572369745378480, 38040440
[ 3486.914106] , ext4, 1572369745378482, 38040448
[ 3486.914107] , ext4, 1572369745378632, 38040456
[ 3486.914108] , nilfs2, 1572369745380102, 28496
[ 3486.914109] , ext4, 1572369745380483, 42807120
[ 3486.914110] , ext4, 1572369745380874, 38040464
[ 3486.914111] , ext4, 1572369745380877, 38040472
[ 3486.914112] , ext4, 1572369745380999, 38040480
[ 3486.914113] , nilfs2, 1572369745382122, 29112
[ 3486.914114] , ext4, 1572369745382279, 42807736
[ 3486.914115] , nilfs2, 1572369745383371, 29224
[ 3486.914116] , ext4, 1572369745383644, 42807848
[ 3486.914117] , nilfs2, 1572369745385151, 29840
[ 3486.914119] , ext4, 1572369745385486, 42808464
[ 3486.914119] , ext4, 1572369745386161, 38040488
[ 3486.914120] , ext4, 1572369745386165, 38040496
[ 3486.914121] , ext4, 1572369745386307, 38040504
[ 3486.914122] , ext4, 1572369745387452, 4196200
[ 3486.914123] , nilfs2, 1572369745403417, 30464
[ 3486.914124] , ext4, 1572369745403676, 42809088
[ 3486.914126] , ext4, 1572369745403762, 38040512
[ 3486.914127] , ext4, 1572369745403766, 38040520
[ 3486.914127] , ext4, 1572369745403993, 38040528
[ 3486.914130] , ext4, 1572369745405392, 4196200
[ 3486.914136] , nilfs2, 1572369745409304, 30592
[ 3486.914141] , ext4, 1572369745409614, 42809216
[ 3486.914146] , ext4, 1572369745410120, 38040536
[ 3486.914152] , ext4, 1572369745410122, 38040544
[ 3486.914157] , ext4, 1572369745410296, 38040552
[ 3486.914162] , nilfs2, 1572369745411833, 31224
[ 3486.914168] , ext4, 1572369745412049, 42809848
[ 3486.914173] , nilfs2, 1572369745413596, 31840
[ 3486.914178] , ext4, 1572369745413815, 42810464
[ 3486.914183] , ext4, 1572369745414176, 38040560
[ 3486.914188] , ext4, 1572369745414178, 38040568
[ 3486.914193] , ext4, 1572369745414324, 38040576
[ 3486.914198] , nilfs2, 1572369745415384, 32456
[ 3486.914204] , ext4, 1572369745415520, 42811080
[ 3486.914209] , nilfs2, 1572369745416329, 32568
[ 3486.914215] , nilfs2, 1572369745416566, 32768
[ 3486.914220] , ext4, 1572369745416772, 42811192
[ 3486.914225] , ext4, 1572369745417267, 38040584
[ 3486.914231] , ext4, 1572369745417270, 38040592
[ 3486.914236] , ext4, 1572369745417390, 38040600
[ 3486.914241] , nilfs2, 1572369745418615, 33192
[ 3486.914247] , ext4, 1572369745418847, 42811816
[ 3486.914252] , ext4, 1572369745420207, 4196200
[ 3486.914257] , nilfs2, 1572369745434192, 33808
[ 3486.914262] , ext4, 1572369745434475, 42812432
[ 3486.914267] , ext4, 1572369745434511, 38040608
[ 3486.914273] , ext4, 1572369745434514, 38040616
[ 3486.914278] , ext4, 1572369745434783, 38040624
[ 3486.914283] , ext4, 1572369745436773, 42778624
[ 3486.914289] , ext4, 1572369745436978, 38040632
[ 3486.914292] , ext4, 1572369745436981, 38040640
[ 3486.914293] , ext4, 1572369745437110, 38040648
[ 3486.914294] , ext4, 1572369745438945, 4196200
[ 3486.914295] , nilfs2, 1572369745443281, 33920
[ 3486.914297] , ext4, 1572369745443634, 42812544
[ 3486.914298] , ext4, 1572369745444346, 38040656
[ 3486.914299] , ext4, 1572369745444350, 38040664
[ 3486.914299] , ext4, 1572369745444552, 38040672
[ 3486.914300] , nilfs2, 1572369745446130, 34560
[ 3486.914301] , ext4, 1572369745446389, 42813184
[ 3486.914303] , ext4, 1572369745446824, 38040680
[ 3486.914304] , ext4, 1572369745446826, 38040688
[ 3486.914305] , ext4, 1572369745446940, 38040696
[ 3486.914306] , nilfs2, 1572369745448146, 35176
[ 3486.914307] , ext4, 1572369745448448, 42813800
[ 3486.914308] , ext4, 1572369745448807, 38040704
[ 3486.914309] , ext4, 1572369745448810, 38040712
[ 3486.914310] , ext4, 1572369745449037, 38040720
[ 3486.914312] , nilfs2, 1572369745450401, 35792
[ 3486.914313] , ext4, 1572369745450572, 42814416
[ 3486.914314] , nilfs2, 1572369745452822, 35928
[ 3486.914314] , ext4, 1572369745453980, 42814552
[ 3486.914315] , ext4, 1572369745455300, 38040728
[ 3486.914316] , ext4, 1572369745455307, 38040736
[ 3486.914317] , ext4, 1572369745455478, 38040744
[ 3486.914318] , nilfs2, 1572369745457940, 36544
[ 3486.914320] , ext4, 1572369745458256, 42815168
[ 3486.914321] , ext4, 1572369745458765, 38040752
[ 3486.914322] , ext4, 1572369745458768, 38040760
[ 3486.914322] , ext4, 1572369745458932, 38040768
[ 3486.914323] , ext4, 1572369745460324, 4196200
[ 3486.914324] , nilfs2, 1572369745478375, 37160
[ 3486.914325] , ext4, 1572369745478631, 42815784
[ 3486.914327] , ext4, 1572369745478683, 38040776
[ 3486.914328] , ext4, 1572369745478687, 38040784
[ 3486.914329] , ext4, 1572369745478894, 38040792
[ 3486.914330] , ext4, 1572369745481005, 4196200
[ 3486.914331] , nilfs2, 1572369745484384, 37280
[ 3486.914332] , ext4, 1572369745484648, 42815904
[ 3486.914333] , ext4, 1572369745485095, 38040800
[ 3486.914335] , ext4, 1572369745485098, 38040808
[ 3486.914335] , ext4, 1572369745485220, 38040816
[ 3486.914336] , nilfs2, 1572369745486516, 37912
[ 3486.914337] , ext4, 1572369745486943, 42816536
[ 3486.914338] , nilfs2, 1572369745488332, 38528
[ 3486.914339] , ext4, 1572369745488580, 42817152
[ 3486.914340] , ext4, 1572369745488816, 38040824
[ 3486.914342] , ext4, 1572369745488818, 38040832
[ 3486.914343] , ext4, 1572369745488930, 38040840
[ 3486.914344] , nilfs2, 1572369745490030, 39144
[ 3486.914345] , ext4, 1572369745490163, 42817768
[ 3486.914346] , nilfs2, 1572369745491235, 39304
[ 3486.914346] , ext4, 1572369745491451, 42817928
[ 3486.914348] , nilfs2, 1572369745492940, 39920
[ 3486.914349] , ext4, 1572369745493287, 42818544
[ 3486.914350] , ext4, 1572369745493736, 38040848
[ 3486.914351] , ext4, 1572369745493740, 38040856
[ 3486.914352] , ext4, 1572369745493874, 38040864
[ 3486.914353] , ext4, 1572369745495526, 4196200
[ 3486.914354] , nilfs2, 1572369745511035, 40536
[ 3486.914355] , ext4, 1572369745511350, 38040872
[ 3486.914357] , ext4, 1572369745511355, 38040880
[ 3486.914358] , ext4, 1572369745511358, 42819160
[ 3486.914359] , ext4, 1572369745511536, 38040888
[ 3486.914359] , ext4, 1572369745513009, 38040896
[ 3486.914360] , ext4, 1572369745513752, 4196200
[ 3486.914361] , nilfs2, 1572369745516993, 40656
[ 3486.914363] , ext4, 1572369745517453, 42819280
[ 3486.914364] , ext4, 1572369745518048, 38040904
[ 3486.914365] , ext4, 1572369745518051, 38040912
[ 3486.914366] , ext4, 1572369745518292, 38040920
[ 3486.914367] , nilfs2, 1572369745519685, 41288
[ 3486.914368] , ext4, 1572369745519926, 42819912
[ 3486.914369] , nilfs2, 1572369745521437, 41904
[ 3486.914370] , ext4, 1572369745521643, 42820528
[ 3486.914371] , ext4, 1572369745522012, 38040928
[ 3486.914372] , ext4, 1572369745522014, 38040936
[ 3486.914373] , ext4, 1572369745522136, 38040944
[ 3486.914374] , nilfs2, 1572369745523144, 42520
[ 3486.914375] , ext4, 1572369745523263, 42821144
[ 3486.914376] , nilfs2, 1572369745524375, 42744
[ 3486.914376] , ext4, 1572369745524622, 42821368
[ 3486.914378] , ext4, 1572369745525144, 38040952
[ 3486.914379] , ext4, 1572369745525146, 38040960
[ 3486.914380] , ext4, 1572369745525271, 38040968
[ 3486.914381] , nilfs2, 1572369745526685, 43360
[ 3486.914382] , ext4, 1572369745526884, 42821984
[ 3486.914383] , ext4, 1572369745528173, 4196200
[ 3486.914384] , nilfs2, 1572369745542860, 43976
[ 3486.914385] , ext4, 1572369745543122, 38040976
[ 3486.914386] , ext4, 1572369745543126, 38040984
[ 3486.914387] , ext4, 1572369745543247, 42822600
[ 3486.914388] , ext4, 1572369745543354, 38040992
[ 3486.914389] , ext4, 1572369745545039, 38041000
[ 3486.914390] , ext4, 1572369745545901, 4196200
[ 3486.914391] , nilfs2, 1572369745549645, 44088
[ 3486.914392] , ext4, 1572369745549884, 42822712
[ 3486.914393] , ext4, 1572369745550502, 38041008
[ 3486.914395] , ext4, 1572369745550506, 38041016
[ 3486.914396] , ext4, 1572369745550722, 38041024
[ 3486.914396] , nilfs2, 1572369745553699, 44736
[ 3486.914397] , ext4, 1572369745554189, 42823360
[ 3486.914398] , ext4, 1572369745555127, 38041032
[ 3486.914399] , ext4, 1572369745555138, 38041040
[ 3486.914401] , ext4, 1572369745555350, 38041048
[ 3486.914402] , nilfs2, 1572369745557363, 45360
[ 3486.914403] , ext4, 1572369745557618, 42823984
[ 3486.914404] , ext4, 1572369745558048, 38041056
[ 3486.914405] , ext4, 1572369745558051, 38041064
[ 3486.914406] , ext4, 1572369745558182, 38041072
[ 3486.914409] , nilfs2, 1572369745559407, 45992
[ 3486.914415] , ext4, 1572369745559623, 42824616
[ 3486.914420] , nilfs2, 1572369745560927, 46368
[ 3486.914424] , ext4, 1572369745561163, 42824992
[ 3486.914430] , ext4, 1572369745561643, 38041080
[ 3486.914435] , ext4, 1572369745561646, 38041088
[ 3486.914440] , ext4, 1572369745561777, 38041096
[ 3486.914446] , nilfs2, 1572369745563421, 46992
[ 3486.914451] , ext4, 1572369745563732, 42825616
[ 3486.914456] , ext4, 1572369745566240, 4196200
[ 3486.914462] , nilfs2, 1572369745582015, 47616
[ 3486.914467] , ext4, 1572369745582287, 38041104
[ 3486.914473] , ext4, 1572369745582292, 38041112
[ 3486.914477] , ext4, 1572369745582426, 42826240
[ 3486.914483] , ext4, 1572369745582546, 38041120
[ 3486.914488] , ext4, 1572369745584003, 38041128
[ 3486.914493] , ext4, 1572369745584808, 4196200
[ 3486.914499] , nilfs2, 1572369745588365, 47744
[ 3486.914504] , ext4, 1572369745588617, 42826368
[ 3486.914510] , ext4, 1572369745589100, 38041136
[ 3486.914515] , ext4, 1572369745589102, 38041144
[ 3486.914520] , ext4, 1572369745589224, 38041152
[ 3486.914526] , nilfs2, 1572369745590632, 48392
[ 3486.914531] , ext4, 1572369745590841, 42827016
[ 3486.914536] , nilfs2, 1572369745592263, 49016
[ 3486.914542] , nilfs2, 1572369745592496, 49152
[ 3486.914547] , ext4, 1572369745592712, 42827640
[ 3486.914553] , ext4, 1572369745593094, 38041160
[ 3486.914559] , ext4, 1572369745593096, 38041168
[ 3486.914565] , ext4, 1572369745593219, 38041176
[ 3486.914570] , nilfs2, 1572369745594628, 49648
[ 3486.914573] , ext4, 1572369745594863, 42828272
[ 3486.914575] , nilfs2, 1572369745596408, 50272
[ 3486.914576] , ext4, 1572369745596640, 42828896
[ 3486.914577] , ext4, 1572369745597108, 38041184
[ 3486.914579] , ext4, 1572369745597110, 38041192
[ 3486.914580] , ext4, 1572369745597233, 38041200
[ 3486.914581] , nilfs2, 1572369745598737, 50896
[ 3486.914583] , ext4, 1572369745598992, 42829520
[ 3486.914584] , ext4, 1572369745600530, 4196200
[ 3486.914586] , nilfs2, 1572369745615061, 51520
[ 3486.914587] , ext4, 1572369745615319, 38041208
[ 3486.914588] , ext4, 1572369745615324, 38041216
[ 3486.914589] , nilfs2, 1572369745615370, 399992
[ 3486.914590] , ext4, 1572369745615426, 42830144
[ 3486.914591] , ext4, 1572369745615532, 38041224
[ 3486.914592] , ext4, 1572369745616998, 43786120
[ 3486.914593] , ext4, 1572369745617172, 38041232
[ 3486.914594] , ext4, 1572369745617174, 38041240
[ 3486.914595] , ext4, 1572369745617285, 38041248
[ 3486.914596] , ext4, 1572369745618457, 4196200
[ 3486.914597] , nilfs2, 1572369745622259, 51640
[ 3486.914644] , ext4, 1572369745622625, 42830264
[ 3486.914646] , ext4, 1572369745623373, 38041256
[ 3486.914647] , ext4, 1572369745623376, 38041264
[ 3486.914649] , ext4, 1572369745623528, 38041272
[ 3486.914651] , nilfs2, 1572369745625303, 52800
[ 3486.914653] , ext4, 1572369745625634, 42831424
[ 3486.914654] , ext4, 1572369745626345, 38041280
[ 3486.914655] , ext4, 1572369745626348, 38041288
[ 3486.914657] , ext4, 1572369745626488, 38041296
[ 3486.914659] , nilfs2, 1572369745628347, 53944
[ 3486.914660] , ext4, 1572369745628679, 42832568
[ 3486.914662] , ext4, 1572369745629437, 38041304
[ 3486.914663] , ext4, 1572369745629440, 38041312
[ 3486.914665] , ext4, 1572369745629561, 38041320
[ 3486.914667] , nilfs2, 1572369745631021, 55088
[ 3486.914669] , ext4, 1572369745631126, 42833712
[ 3486.914670] , nilfs2, 1572369745632514, 55208
[ 3486.914671] , ext4, 1572369745633076, 42833832
[ 3486.914673] , ext4, 1572369745633780, 38041328
[ 3486.914675] , ext4, 1572369745633785, 38041336
[ 3486.914676] , ext4, 1572369745633932, 38041344
[ 3486.914677] , nilfs2, 1572369745635714, 56352
[ 3486.914678] , ext4, 1572369745636125, 42834976
[ 3486.914678] , ext4, 1572369745638184, 4196200
[ 3486.914679] , nilfs2, 1572369745651127, 57496
[ 3486.914681] , ext4, 1572369745651384, 38041352
[ 3486.914682] , ext4, 1572369745651388, 38041360
[ 3486.914683] , ext4, 1572369745651473, 42836120
[ 3486.914684] , ext4, 1572369745651626, 38041368
[ 3486.914685] , ext4, 1572369745653299, 38041376
[ 3486.914686] , ext4, 1572369745654898, 4196200
[ 3486.914687] , nilfs2, 1572369745659938, 57624
[ 3486.914688] , ext4, 1572369745660382, 42836248
[ 3486.914689] , ext4, 1572369745661205, 38041384
[ 3486.914690] , ext4, 1572369745661208, 38041392
[ 3486.914691] , ext4, 1572369745661380, 38041400
[ 3486.914692] , nilfs2, 1572369745663618, 58784
[ 3486.914698] , ext4, 1572369745664549, 42837408
[ 3486.914704] , ext4, 1572369745665215, 38041408
[ 3486.914710] , ext4, 1572369745665218, 38041416
[ 3486.914715] , ext4, 1572369745665441, 38041424
[ 3486.914721] , nilfs2, 1572369745667883, 59936
[ 3486.914727] , ext4, 1572369745668590, 42838560
[ 3486.914747] , ext4, 1572369745669659, 38041432
[ 3486.914752] , ext4, 1572369745669667, 38041440
[ 3486.914774] , ext4, 1572369745669883, 38041448
[ 3486.914779] , nilfs2, 1572369745671629, 61088
[ 3486.914786] , ext4, 1572369745671831, 42839712
[ 3486.914792] , nilfs2, 1572369745673194, 61216
[ 3486.914798] , ext4, 1572369745673657, 42839840
[ 3486.914804] , ext4, 1572369745674524, 38041456
[ 3486.914810] , ext4, 1572369745674529, 38041464
[ 3486.914816] , ext4, 1572369745674703, 38041472
[ 3486.914822] , nilfs2, 1572369745676540, 62360
[ 3486.914828] , ext4, 1572369745676919, 42840984
[ 3486.914834] , ext4, 1572369745677360, 38041480
[ 3486.914840] , ext4, 1572369745677363, 38041488
[ 3486.914846] , ext4, 1572369745677599, 38041496
[ 3486.914852] , ext4, 1572369745679596, 4196200
[ 3486.914858] , nilfs2, 1572369745693885, 63504
[ 3486.914864] , ext4, 1572369745694163, 38041504
[ 3486.914870] , ext4, 1572369745694167, 38041512
[ 3486.914875] , ext4, 1572369745694242, 42842128
[ 3486.914881] , ext4, 1572369745694375, 38041520
[ 3486.914887] , ext4, 1572369745695824, 38041528
[ 3486.914893] , ext4, 1572369745696499, 4196200
[ 3486.914899] , nilfs2, 1572369745700170, 63632
[ 3486.914905] , ext4, 1572369745700583, 42842256
[ 3486.914907] , ext4, 1572369745701404, 38041536
[ 3486.914909] , ext4, 1572369745701407, 38041544
[ 3486.914910] , ext4, 1572369745701598, 38041552
[ 3486.914912] , nilfs2, 1572369745703406, 64792
[ 3486.914913] , nilfs2, 1572369745703624, 65536
[ 3486.914916] , ext4, 1572369745703911, 42843416
[ 3486.914917] , nilfs2, 1572369745706285, 65944
[ 3486.914918] , ext4, 1572369745706622, 42844568
[ 3486.914920] , ext4, 1572369745707438, 38041560
[ 3486.914922] , ext4, 1572369745707442, 38041568
[ 3486.914924] , ext4, 1572369745707595, 38041576
[ 3486.914925] , nilfs2, 1572369745709059, 67088
[ 3486.914927] , ext4, 1572369745709224, 42845712
[ 3486.914928] , ext4, 1572369745709451, 38041584
[ 3486.914930] , ext4, 1572369745709455, 38041592
[ 3486.914932] , ext4, 1572369745709736, 38041600
[ 3486.914933] , nilfs2, 1572369745711467, 67232
[ 3486.914935] , ext4, 1572369745711811, 42845856
[ 3486.914936] , nilfs2, 1572369745713909, 68376
[ 3486.914939] , ext4, 1572369745714423, 42847000
[ 3486.914940] , ext4, 1572369745715151, 38041608
[ 3486.914942] , ext4, 1572369745715155, 38041616
[ 3486.914943] , ext4, 1572369745715335, 38041624
[ 3486.914945] , ext4, 1572369745717180, 4196200
[ 3486.914947] , nilfs2, 1572369745730602, 69520
[ 3486.914948] , ext4, 1572369745730945, 38041632
[ 3486.914950] , ext4, 1572369745730950, 38041640
[ 3486.914951] , ext4, 1572369745731037, 42848144
[ 3486.914953] , ext4, 1572369745731170, 38041648
[ 3486.914955] , ext4, 1572369745732626, 42778624
[ 3486.914957] , ext4, 1572369745732782, 38041656
[ 3486.914958] , ext4, 1572369745732784, 38041664
[ 3486.914959] , ext4, 1572369745732915, 38041672
[ 3486.914961] , ext4, 1572369745733960, 4196200
[ 3486.914962] , nilfs2, 1572369745737651, 69648
[ 3486.914964] , ext4, 1572369745738159, 42848272
[ 3486.914965] , ext4, 1572369745739046, 38041680
[ 3486.914968] , ext4, 1572369745739050, 38041688
[ 3486.914969] , ext4, 1572369745739260, 38041696
[ 3486.914971] , nilfs2, 1572369745741354, 70816
[ 3486.914972] , ext4, 1572369745741865, 42849440
[ 3486.914974] , ext4, 1572369745742971, 38041704
[ 3486.914975] , ext4, 1572369745742980, 38041712
[ 3486.914978] , ext4, 1572369745743236, 38041720
[ 3486.914979] , nilfs2, 1572369745745708, 71968
[ 3486.914981] , ext4, 1572369745746155, 42850592
[ 3486.914982] , ext4, 1572369745747093, 38041728
[ 3486.914983] , ext4, 1572369745747098, 38041736
[ 3486.914986] , ext4, 1572369745747406, 38041744
[ 3486.914987] , nilfs2, 1572369745749075, 73112
[ 3486.914989] , ext4, 1572369745749279, 42851736
[ 3486.914990] , ext4, 1572369745749634, 38041752
[ 3486.914992] , ext4, 1572369745749637, 38041760
[ 3486.914994] , ext4, 1572369745749893, 38041768
[ 3486.914996] , nilfs2, 1572369745751786, 73288
[ 3486.914997] , ext4, 1572369745752628, 42851912
[ 3486.914999] , nilfs2, 1572369745756861, 74432
[ 3486.915000] , ext4, 1572369745757519, 42853056
[ 3486.915003] , ext4, 1572369745758029, 38041776
[ 3486.915004] , ext4, 1572369745758034, 38041784
[ 3486.915005] , ext4, 1572369745758211, 38041792
[ 3486.915007] , ext4, 1572369745759769, 4196200
[ 3486.915009] , nilfs2, 1572369745773868, 75576
[ 3486.915011] , ext4, 1572369745774109, 38041800
[ 3486.915012] , ext4, 1572369745774114, 38041808
[ 3486.915014] , ext4, 1572369745774206, 42854200
[ 3486.915015] , ext4, 1572369745774345, 38041816
[ 3486.915017] , ext4, 1572369745775619, 38041824
[ 3486.915019] , ext4, 1572369745776568, 4196200
[ 3486.915020] , nilfs2, 1572369745780435, 75712
[ 3486.915024] , ext4, 1572369745780868, 42854336
[ 3486.915031] , ext4, 1572369745781820, 38041832
[ 3486.915037] , ext4, 1572369745781824, 38041840
[ 3486.915042] , ext4, 1572369745781978, 38041848
[ 3486.915049] , nilfs2, 1572369745784329, 76872
[ 3486.915055] , ext4, 1572369745784808, 42855496
[ 3486.915061] , ext4, 1572369745785219, 38041856
[ 3486.915067] , ext4, 1572369745785222, 38041864
[ 3486.915073] , ext4, 1572369745785438, 38041872
[ 3486.915078] , nilfs2, 1572369745788372, 78016
[ 3486.915084] , ext4, 1572369745788732, 42856640
[ 3486.915090] , ext4, 1572369745789442, 38041880
[ 3486.915096] , ext4, 1572369745789445, 38041888
[ 3486.915102] , ext4, 1572369745789611, 38041896
[ 3486.915109] , nilfs2, 1572369745791079, 79160
[ 3486.915154] , ext4, 1572369745791212, 42857784
[ 3486.915160] , nilfs2, 1572369745792657, 79400
[ 3486.915165] , ext4, 1572369745792991, 42858024
[ 3486.915171] , ext4, 1572369745793615, 38041904
[ 3486.915176] , ext4, 1572369745793617, 38041912
[ 3486.915182] , ext4, 1572369745793739, 38041920
[ 3486.915187] , nilfs2, 1572369745795390, 80544
[ 3486.915193] , ext4, 1572369745795720, 42859168
[ 3486.915199] , ext4, 1572369745797067, 4196200
[ 3486.915203] , nilfs2, 1572369745810397, 81688
[ 3486.915209] , ext4, 1572369745810757, 38041928
[ 3486.915215] , ext4, 1572369745810765, 38041936
[ 3486.915220] , ext4, 1572369745810887, 42860312
[ 3486.915226] , ext4, 1572369745811027, 38041944
[ 3486.915231] , ext4, 1572369745812808, 38041952
[ 3486.915236] , ext4, 1572369745813769, 4196200
[ 3486.915239] , nilfs2, 1572369745817894, 81816
[ 3486.915241] , nilfs2, 1572369745818475, 81920
[ 3486.915242] , ext4, 1572369745819124, 42860440
[ 3486.915243] , ext4, 1572369745819917, 38041960
[ 3486.915243] , ext4, 1572369745819920, 38041968
[ 3486.915244] , ext4, 1572369745820361, 38041976
[ 3486.915245] , nilfs2, 1572369745822392, 82984
[ 3486.915246] , ext4, 1572369745822775, 42861608
[ 3486.915248] , ext4, 1572369745823224, 38041984
[ 3486.915249] , ext4, 1572369745823228, 38041992
[ 3486.915250] , ext4, 1572369745823369, 38042000
[ 3486.915251] , nilfs2, 1572369745825623, 84128
[ 3486.915251] , ext4, 1572369745826034, 42862752
[ 3486.915252] , ext4, 1572369745826769, 38042008
[ 3486.915253] , ext4, 1572369745826772, 38042016
[ 3486.915255] , ext4, 1572369745826902, 38042024

